13.267713239296
9.79309049451812
3.354221147736477
-1.2950380804425028
-8.982463022326247
-13.471299057576726
-13.699535445851513
-10.428865608539944
-4.952106606012435
2.823208176525218
9.633455477112072
15.177277529350718
17.793026435476555
14.624520483050913
9.007443339110289
-0.07550133351636767
-7.7836102280892945
-13.089347493656355
-16.406709101767788
-15.772762134189847
-11.131466214953129
-4.07573134459401
5.750379254577798
12.978801339363647
14.44570687881254
15.232959845061815
13.284252394198628
6.107823073856476
-2.0487724335431223
-10.235624205078942
-11.683294879615964
-12.228840033533185
-9.00995558278598
-5.739411457015141
-1.0576444209725269
5.919383762455242
11.874932891649621
13.89177436470868
14.005883766855025
8.179214546799924
1.884883144571571
-6.495640174880938
-11.135868804160861
-12.99131371320069
-13.419118351860376
-11.601310947557577
-5.803501799793275
3.5971024160550904
9.316056294598598
12.340057336835109
10.156034067960915
6.026841826752271
1.4861243887943476
-3.015686520446509
-10.303481055806962
-14.263878153629738
-15.499945918450582
-12.830720882670542
-5.399816957597999
0.908836946330519
6.7409444835779455
10.66499721378008
12.134647427396843
10.579877221156195
4.381339001442683
-1.527837519417408
-10.292842463587611
-12.539868466095188
-11.940897157512588
-8.407001087387679
-5.433585636750339
1.0605864127196827
6.586895624212829
7.248487705408245
6.969689908166813
4.621071515937645
2.926700461217537
1.162599838638172
-3.628322976606146
-6.996570923891363
-8.628102365236984
-8.779944740104654
-5.836928269608428
-1.0257851532483047
5.020688362355071
7.146592289475107
7.531137461551852
4.529367989872003
1.8130898553506065
-1.3300704376030388
-3.0183330387611997
-6.002009636570383
-5.294071965997467
-5.772997752352422
-5.2978812243599
-5.04965395987151
-1.0184975157321587
0.5023512855986987
3.435507898221389
4.404608537726373
4.114433092070267
4.435210105378319
2.6515857908732428
-1.7119988225131577
-4.602080289269014
-6.1248113149628995
-5.757879161792079
-4.553898019039227
-3.4121445738314176
-3.0097288869011667
-0.23779405537631904
2.7847438305739214
7.5326793226197895
10.683331983286287
9.252919513197556
8.710279626175373
3.502308144775186
-0.6315054665830631
-6.767673460389629
-11.021234495808455
-11.114088003750584
-5.799905407223151
1.31807731321922
7.3659899126773665
11.340285294145705
9.52959927970527
5.20860999192821
-0.6550363179126837
-2.6558062759780223
-7.2819271860255075
-9.663287515052307
-5.941215719438759
-2.3870624612072917
4.193707822263864
10.579529695688217
12.452129998573742
13.195526553146427
10.895324476579573
3.4000088571740874
-2.7253236013552744
-9.600940960794741
-12.223069433111485
-13.577774863648859
-11.025243629802112
-4.942764358652994
3.0981652043875147
7.713865542279143
10.16808059677383
8.523614640539186
7.915790941675555
2.4126673615923324
-3.8320156677492863
-8.640989357996315
-10.281833556582667
-8.987173488588923
-2.003154627865478
2.9252867633229855
5.884457948711228
7.998317592285872
9.55185738977168
8.67251590673011
5.050263290076341
-1.8309945140214334
-7.119582943159127
-10.952703619709883
-10.4699308855821
-8.859905226592826
-1.5034110779559784
3.4115028660059146
7.3121883493726205
11.907488997579687
11.04255325482506
8.906781014712928
1.9522555347253254
-4.128836894922336
-6.0720624580151075
-9.462472980397566
-9.964009063975741
-9.329421643293852
-5.474828435725189
1.317969171158483
6.45583692092294
9.719825203695414
7.606536033115262
4.236583091550349
2.0558313153923615
-0.8758289358828071
-1.8398557903398798
-4.781433646860355
-6.907771036387116
-3.688465900172015
-0.6730382888191375
1.6987645297739131
5.961464267013208
8.812689628503664
6.71703232319253
3.4213865432220096
0.7519408747325318
-4.374269533395293
-7.037585157976821
-8.438268263817218
-5.49041016942001
-1.9754206557670329
-1.6338053959836392
1.2846321063699364
3.1989231473455293
5.225136251024957
2.254084344849054
-1.035711560895062
-1.991985666569727
-4.0772143226373725
-5.3490721052378145
-5.711564609006043
-3.4658416399332643
0.5762309087335495
3.992740227216902
8.166239101941837
7.678617921767765
7.6788657850818645
1.2947543158945818
-1.8164807955095612
-6.684264328476534
-11.15338523988671
-12.397127983943877
-9.993890119595601
-1.7683453396144597
4.582022721867338
10.415580084009964
13.141704843486446
11.843726235861977
6.167872102742592
-1.856090961195573
-7.7848657043095155
-13.13980085353244
-14.116738003161176
-11.144067329478476
-7.506135738778676
-1.2294294810504995
6.654011219837086
11.35594066166935
10.361085262000993
9.243320531673476
4.428648829176918
-0.9554118519922352
-5.064985121429231
-9.62465355765709
-11.535162005328512
-11.120814971067974
-7.590000272820433
-2.9522587019299147
3.9365153337058456
8.800499271933226
9.349557157928498
10.250844788038375
8.360528978458174
4.756960178688828
-1.1109141634202562
-4.197351946142559
-8.880655100291088
-9.428984498800848
-7.055270704920391
-2.0360533812056794
0.5977211743237207
5.62349288745123
9.038017242287921
8.502434188147056
3.0436310787340783
-1.3228214057644
-6.744370570705119
-6.638861372222341
-7.0785425385181
-3.4471264278390974
-2.121449701146436
1.0631858778258163
3.1145129468091834
5.862899792758109
6.197976377796579
3.1803266184176797
2.233925202891156
-0.18098299865334155
-1.2023188381307728
-3.0334731588625026
-4.822878308860543
-1.6602798656066495
2.1650604910671074
3.173609393000799
4.599011758905143
5.654826113751296
6.8984595690139265
3.54781424193006
0.6538083631712208
-1.3633342706769627
-3.803953362791721
-7.9835335295758
-5.944079371453345
-2.7487826045464763
0.054654570957267445
3.0719282893046875
4.026777958971159
5.144874713496705
3.281169837636865
1.3027855029467927
1.3822031250851277
0.9480517011907708
3.832592230501223
5.009172990790658
6.0950098215501285
3.697851951963699
-0.8528498871145933
-4.700970364968482
-4.898087561854476
-4.692025746631668
-2.4315597535219444
0.8926946643786238
4.48984509150875
5.589620394241855
8.159142101759961
7.7595209170729
7.430673240276109
2.006025836736752
-5.288799043067467
-11.681127666613632
-12.114509109474664
-10.139874430900846
-6.847805892896868
0.1703675123784767
5.576020287351824
8.934688821785196
11.943531986817494
11.814835675739445
7.981929250909353
4.662820180655893
-1.1600038185296846
-7.564880007733971
-14.236955852858356
-14.502472248895277
-11.03272617036087
-2.6177049156072307
5.04694234131704
12.11742977060602
15.70523817789883
15.310031750718949
13.68876951325583
7.77702152570715
-2.134656195099156
-9.791564422198855
-16.84362495508471
-20.594043037159416
-15.946574833935003
-7.064001154236529
4.0231770590342215
13.339966016237167
19.844110881584687
17.831735149171536
12.74942572830334
2.0337643806860215
-6.609184268947272
-10.892396993430548
-12.769329190245687
-12.74095593502228
-9.017394406317157
-3.908213465017003
3.685587957055674
11.44530761852787
13.121195837408996
13.420249487497408
7.6054332503379865
0.2580817831085964
-7.584489659526626
-12.008824343722559
-11.007380325327507
-8.19436358586028
-4.246257395858593
1.888509237540072
6.12394713999732
6.359808372111573
5.635282837338959
2.541978580917485
0.2560511474005711
-3.7606924975378258
-5.855116064397755
-5.249346217792295
-6.52085058789701
-5.17414228470262
-2.8054518576874656
-1.137090021862588
0.13674251763827705
3.105615438118515
2.8712953919337068
5.226938667280891
3.487683121749366
3.1198520560410623
0.4753935775433713
-3.0115370429942923
-4.875428174720968
-3.644281206025956
-1.4193275017339873
0.11851333738488545
2.1648269588940163
1.8092434832533089
0.2728459354753485
-1.9824403794657215
-3.571113990101299
-0.4783207230629314
0.4146353815734036
2.449689487095685
3.85211783674212
4.322862824663895
6.551883425944856
4.944518817059488
1.03029807840983
-2.666706719905763
-2.5046318949396214
-3.354439361756086
-2.7884542260403102
-1.9470165004071394
1.0470025368488862
1.7558388691841191
0.4492917203070399
0.5993731239240381
-1.1266905570302566
-0.3442675321732529
1.8436703737399402
2.917951435737232
1.4021143737668673
3.588075653084663
1.635534744981649
2.766489902920475
1.7751764998278632
0.8873040525745641
-3.2376127677205266
-2.737212148892837
-0.1742983359021908
1.2020727260245594
2.4019719051105355
3.0085476370594115
2.2949889649886384
-0.10555863977476321
-3.2349440953171866
-7.91489210156314
-10.15552995519592
-8.559227426967265
-4.869057156303671
-1.1553699382959524
2.242487092588856
4.456106131377094
7.0921272745733805
7.235517577116923
5.842520623647165
1.712502185368682
-2.5080610445608014
-2.343175709976559
-5.255253656802777
-5.391162995532155
-4.027880165632214
-0.2854127874625716
-0.2557802309459989
1.296255601543626
1.4329401097707577
3.0414471641467418
3.161123544122811
0.9521032599583398
-2.686973138249341
-6.444156598775711
-5.836996042857943
-4.6580526455544105
-3.403804987974557
-0.47072043994394797
0.9500933185069398
5.478599645932949
4.968549995766947
4.927340992174269
2.452287423314943
-0.5933520901910105
-3.4504284997690937
-4.025829272941666
-4.565962887130465
-2.726143965792165
-1.5558248063809992
1.6051346589608746
5.610242678388951
5.109375923670898
7.173407537766414
7.9637811032712325
4.636180478823443
0.18302641840694234
-0.6148287100473586
-2.1487380494870716
-1.2003583311596526
0.33612177022265355
1.972874485486586
2.057925687942377
0.900852245205567
0.879228026167409
0.8169009934042482
0.9968334558163869
1.4700771076541015
1.3718885423314273
-0.6258226696863556
-4.725736140750719
-7.393906965923691
-8.030757608681355
-4.632545947275103
-0.5915150799860949
1.2982308827227609
3.2264482634727845
3.720772574961938
2.5149108861989147
4.34618872838289
1.6302669537854875
-1.8484805748537685
-2.0969127519099935
-0.5650718467123186
-0.0996763749576548
0.4608534114790461
-1.2530596594520875
-0.4679748614199406
-1.573821660567563
-2.8036432446853574
-5.467197923503796
-3.2470569895854036
-0.7268192931677269
2.6205328592250723
1.2232723058515313
2.817028994351668
0.40696401205802424
-1.1541507661653188
-1.2972932649050757
-2.69196472229495
-2.2971918240830504
-1.3771773426877072
0.04112297386403441
0.9397430174614199
1.587020569768245
0.8157104795843719
-1.1026634100514823
0.46512671913803505
0.6924436640558174
1.2234694103505213
1.0777157771624175
1.5642121813396765
4.013794072275299
3.1710814487084606
-0.20505354763783412
-4.057817560740707
-3.46130514209198
-2.436295868300306
-3.2239953333526663
-2.504368823825505
2.0477245884554334
5.562956782799539
7.069202253048276
6.890100613231763
3.646980871789172
-1.6375861039055595
-4.8531812782134125
-6.258407554105947
-6.345686382234051
-6.807852649877064
-1.8805608080780436
-0.6273055677855606
4.543139610662872
4.281154597082493
5.462132527856085
4.115544450278934
2.7194093469886895
3.1956735210175906
1.3711344936160987
0.04846435503364521
-2.666475580423798
-4.936542855594775
-3.143757233354731
-2.1342122423945176
2.536009052036092
3.948483792312735
4.790346303546706
5.544706785441377
3.858077697429317
0.9516895115387323
-1.8954203025767686
-1.4836466987470738
-1.9929356905416924
-1.1067188583217766
3.2302314228636946
6.961749558420923
9.468655664596952
8.328596873665989
2.9201218537966422
-2.964394421915618
-5.483274312933254
-5.872279062038611
-7.3428800925859425
-7.615167907413736
-3.553743715528058
-0.6721725082884578
5.239708437154671
8.49101212580159
8.893423309702387
7.695914047808133
2.405780612175797
-2.814026051759297
-7.769530307565626
-8.480836271483469
-4.926081486682266
-3.5760572474898398
-1.777646626972556
3.18018153026131
4.406621587903935
3.341372029367173
1.4540044671911267
-1.1786138333081615
-3.6562831844699937
-2.1697280960207337
-1.6865122300731463
-1.9078013804914078
-2.8767801941563516
0.15670369617337254
1.1788035624993327
2.4717295392019327
5.4404865074792
6.4038914580532325
2.4536414856827182
-1.1604526940515787
-2.7432477112899614
-2.946398683057615
-1.6480038288467291
-2.651452938314927
-0.7188039642929098
-1.7739226467017604
0.09834580060565262
0.22470962497102898
-0.4853882167759931
-0.9262041291043595
-2.0888625682869586
-4.427666943118762
-5.712058261979467
-3.6579119948897154
-0.959633147390754
3.850346093622145
6.951710233822242
6.6111035551265225
4.759177567935181
3.59751987931077
1.4317785935283704
-2.5673295040589346
-7.850714675711163
-8.541321001718773
-6.833838648169017
-3.7919914665428305
-0.005597000686613285
2.6338981977073694
6.086961076081472
6.171788362188923
4.635341660284231
1.3876736416676652
0.9461711571915643
-0.23563819602111202
-1.2835986421320131
-5.055458285822551
-7.378655275525436
-7.672614837437671
-8.131568738399482
-7.686491758814398
-2.3453113080564867
1.9044168883029302
7.768491599374956
10.725895764738254
8.02821541747291
4.261006826356784
1.4487888664065798
-1.5104480576876607
-5.411538885588001
-5.538976268035695
-7.25883867119064
-3.970447066879418
0.5993185374945322
3.224705263128687
5.112157398406049
9.281018281027269
10.58168257645335
8.331414807410297
6.234439009864113
0.46694137916333744
-4.576926689123701
-8.78093401145429
-12.677996170342428
-10.37061335994683
-9.523504555833503
-5.051018326659907
0.798032320230984
3.6228786407187985
6.068003458154814
7.07012030203977
5.48616766124377
4.530868021165606
4.312326589806872
0.597951548427671
-3.6153858253656947
-4.911051294347533
-3.7651084960108268
-4.85552311360888
-2.3949197719573707
-1.4659807629738255
0.608153743140754
-0.25082890015168124
-0.40013807767709597
1.0153726119073792
1.8677573305400341
2.2885157107328062
-0.17071922053705424
-0.6061111773146113
0.4492563398991596
-1.5143332515106516
-1.917243792181016
-3.776666587380943
-5.566179584997862
-1.858615935517199
-1.1148755495825668
2.421869800078537
4.803585255189362
7.017729254872806
7.701279036047207
5.946381348871235
4.556726876633558
-0.6452870704687683
-5.1694074218842605
-8.140891073179418
-6.230437398834955
-5.198317712384248
-1.753729699452507
3.304050839601232
6.325617565813936
9.566106953861672
8.354210488317452
7.8768406680142
5.118095152861832
1.7657767772835138
-4.287504810736914
-7.110068943351209
-9.49032263041163
-11.215838365255925
-6.780900430107062
-0.3055903983143682
2.3656913654605765
3.0735300727639667
6.0907119344475955
5.055588756598402
2.869729194817138
3.0405493384936926
1.3094803238266843
-2.5465456044877204
-3.3040333678291356
-2.584691053810472
-3.6071937983416866
-2.0736680043925872
0.7720039999011501
2.704020673239496
2.3935133303226754
0.7038072296061699
1.0509817793083638
0.4373141354832022
1.9705284725848289
1.999435976054634
2.2243221774636885
0.7887481587533189
-0.6358580098698425
-2.3800745034919686
-4.969043938370878
-3.6621762559872577
-2.814976593926228
0.18900687129232274
2.5476785787045744
4.3997008609295865
7.295791245824926
7.147705029141588
6.6208113104156725
2.8648316505557068
-2.017093648412369
-6.040523554177204
-9.480240512174355
-9.638480148146645
-4.477903967394165
-0.6310985621919007
6.065331176392431
10.313343404705112
12.18745561232938
9.478404552417542
6.99378273806264
1.6416850483125405
-4.117435861564055
-7.579843372710048
-9.537457775275598
-8.593801998223615
-8.101559857887668
-4.897590548944335
1.8897580580661875
8.461652507749939
11.54221764383707
10.633214051874308
4.893819863155956
-1.82247082198775
-7.644125021782675
-11.285438559260191
-10.23725960165962
-6.22262102696019
-2.9476333253208526
4.343003464223312
10.964842110587242
12.093938296156484
12.20149311507064
7.66863117568845
-2.344996152711353
-10.138756069115873
-16.562696760982636
-14.875440394490923
-9.195971979061806
-0.43836000801813
4.936414345540642
12.395634976629964
12.614008941691868
12.68112310807241
6.337340936243313
-2.032860798000827
-9.36503980618096
-14.529027102910423
-15.915148180136931
-8.966374380013127
-2.5507641658421765
3.885558204492358
9.180639099112527
10.31359325145302
11.208808299309027
6.877729321802249
0.7056049932273485
-2.847731398726851
-7.834575654046535
-8.885303531496143
-7.607182423490132
-0.5406912980194112
7.105836287965699
11.726970186474446
15.209353660944295
11.147136909292346
7.674093736639036
-0.21106042497095606
-6.126059019872014
-13.970678830981287
-18.05935595472427
-13.516085605799748
-7.710975251814379
-0.36521284337889304
9.049573403956511
13.679728867126679
16.157298040729458
11.921544439915346
3.4407614588070334
-4.135394543353076
-11.85887526749699
-14.721694932717288
-12.537040824766407
-9.09615734108301
-1.377595770363389
7.281283596612276
14.669938486797129
14.501732075139724
10.924672865818955
6.033209589333591
0.8675460097698067
-5.017145508749197
-8.84569865376303
-12.1280607764861
-12.523386730956899
-9.98618277115954
-5.073181356398411
-0.10446502388697043
3.987126039460896
8.68991532759191
8.884743997193134
5.368805121207801
3.9511146393220695
0.7724933414199837
-6.28338102063049
-9.969361910810012
-13.088360755609955
-10.910099235480832
-8.123865784219834
-0.7212638657453287
3.89328854664728
9.39626802720424
9.8285022688569
11.710761996804587
11.216548459548015
6.215688627667884
-0.6304758010924041
-7.159979396799109
-9.865480828826504
-13.023143906091562
-10.795039960276512
-7.961560585092139
-3.623637039147165
0.12473348999884326
4.45113088186039
8.78259541887897
10.107411737723389
8.267691425040198
5.646660706123135
2.5338680944466274
-3.1215475808928113
-9.26986173413457
-12.095455781427923
-11.330453380408825
-5.40808092236444
1.075695471207374
8.483650938006821
13.788761320800429
14.135943107896725
12.161356524679661
6.041638255707761
-1.33450698725723
-7.666795443522
-12.886926824949084
-12.554234469965678
-6.736376263241352
-1.6954896678872429
2.1190190630676704
5.711992899692875
8.262064631183025
8.872090150297929
6.416953040716891
0.6373189409640263
-2.7330300749284064
-4.531396258908902
-4.972291332377781
-5.132095938789256
-6.125746996496099
-4.587965595264146
-3.3571181138913175
2.554515634196355
4.154681162680086
7.479707351288857
6.479912369817354
4.931908014157727
0.7058818511473788
-2.304544283787921
-4.610137878540066
-6.074671724543887
-4.394368070450823
-1.2111665474418007
2.07832498995368
2.052481855053153
3.5741035637532113
1.3914947122087535
-3.272419342788237
-5.467823303349053
-8.586635389446958
-9.114105491359595
-5.215117400690552
0.07166215021223188
5.8696245682756345
10.578822463453967
11.563732081201728
7.725926159738312
1.950253847221512
-1.5011721952620762
-6.36245764575518
-6.729141094542153
-6.373463157722434
-4.262884352842147
1.642121286075624
6.044981162617184
7.523583130744033
6.902955079290187
2.6018921666106816
-0.6077945704253026
-3.225287662587057
-6.926268327151297
-7.322468508024378
-5.272434311396549
-2.0189209253572247
1.3919420023519753
3.8438101524716872
4.669539146926741
5.393529745223812
5.319369774088152
5.255193970932102
0.7456747566051476
-1.1775727885684248
-5.6833818897923525
-10.10904251594799
-9.789233977134622
-6.097873802885577
-2.0559471663680196
0.3261981679422066
3.5910147295011576
3.9819661375809314
2.6564209821837803
1.1990230239649255
1.7314710311918238
2.785099139788562
3.9862781666732805
3.567345546660268
2.3722718037529744
-2.100221700319942
-4.150152736401248
-5.68603458261591
-7.0646759682769185
-7.443341367450627
-4.723954684775679
0.5587912818187002
4.233502782151775
8.466448820342363
11.259086784071908
9.910252439835617
7.365537788894983
4.062457584564742
-3.3216749395433225
-10.44242142222926
-13.380603643168447
-14.730168122470936
-8.639553143221349
-2.866540723447885
3.6034216422750527
10.174952420379443
13.50579395203478
