0.26516599999999957
0.07908266666667338
-0.2389823333333253
-0.03451433333332678
0.2011900000000057
0.6181303333333287
0.6001636666666642
0.46403133333332724
0.5681609999999999
0.5343763333333282
0.37022699999999786
0.43636633333332703
0.11085800000000026
0.42202233333333017
0.4910473333333311
0.14745499999999823
0.2815523333333337
0.2998929999999974
0.6632669999999967
0.06708166666666615
0.10128800000000082
0.09268966666666678
-0.3845599999999982
-0.7495913333333233
-0.5799383333333334
0.0467940000000002
0.39180166666666505
0.829836333333322
1.20189666666667
0.9928049999999935
0.7655816666666647
0.40640599999999516
-0.053027333333332774
-0.4152389999999956
-0.45614799999999667
0.13751466666666484
0.015319333333333407
0.1461166666666656
0.40836033333333116
0.5004266666666595
0.6006843333333326
0.6518453333333267
0.5721026666666633
0.1308559999999982
-0.03650166666666638
-0.28604033333333095
-0.2235896666666646
-0.8180626666666546
-0.9899523333333324
-0.8074769999999921
-0.9436899999999944
-0.7357863333333216
-1.0393276666666673
-0.9008706666666588
-0.2818383333333313
-0.461640666666659
-0.5672883333333316
-0.64994966666666
-0.8598809999999943
-1.0916143333333166
-1.5629936666666677
-1.4481279999999883
-1.2501463333333285
-0.8937719999999879
-0.7667659999999987
-0.29092066666666366
-0.197915666666665
0.1433886666666644
0.35379300000000136
-0.0021486666666649668
-0.1328176666666635
-0.5480749999999888
-0.7098996666666633
-0.7026726666666564
-0.7936279999999922
-0.9044896666666502
-0.4853493333333323
-0.034070666666666576
-0.08943733333333251
-0.5249493333333253
-0.9355536666666645
-0.26168999999999687
-0.38858966666666384
-0.44537166666665995
-0.3930373333333338
-0.31931899999999813
0.13495899999999794
-0.057929666666667046
-0.14556666666666718
-0.05792966666666552
-0.035324666666665505
0.19917699999999777
-0.2317333333333323
-0.3934039999999961
-0.3442266666666646
-0.8340346666666563
-0.960762
-1.1618896666666558
-0.5536336666666641
-0.6974769999999895
-0.724969666666666
-0.6847463333333252
-0.37189166666666296
0.04068533333333368
0.10377399999999931
-0.0690836666666661
-0.15299166666666641
-0.181382666666665
-0.29959966666666815
-0.3015943333333314
-0.7108236666666625
-0.34631299999999543
-0.05013799999999982
0.5135936666666604
0.9740353333333254
0.7515273333333199
1.018467999999998
0.6539499999999923
0.7781216666666589
0.6402183333333213
0.41904499999999706
0.0758816666666639
0.05224999999999891
0.5743319999999903
0.008565333333334785
-0.20832533333333048
-0.37028933333333075
0.20369433333333037
0.3788839999999982
0.06732366666666448
0.382026333333327
0.6384363333333184
0.7663663333333286
0.7410113333333213
0.5276809999999929
0.9713953333333138
0.859598666666662
0.6822933333333248
0.399853666666663
0.20182799999999756
0.00951499999999983
-0.13923799999999867
-0.2690819999999976
0.0014813333333314332
0.07913766666666444
-0.09278499999999909
-0.39349933333332904
-0.3733399999999929
-0.3000836666666673
-0.41040999999999495
-0.24371966666666445
-0.12209633333333109
0.575842666666665
0.5849286666666595
0.6085529999999939
0.41134499999999274
0.369339666666666
0.4132369999999941
0.1061059999999987
-0.18601733333332937
-0.39624933333332996
-0.37860533333332813
-0.3906099999999948
-0.047574999999997813
0.21063166666666616
0.13686566666666472
0.7780116666666607
0.5724106666666585
0.7899356666666655
0.16599733333333472
-0.362768999999993
-0.3138556666666573
-0.28644366666666454
0.26957699999999674
0.286520666666662
0.7203569999999829
0.635939333333327
0.5437226666666548
-0.04031500000000121
-0.07003700000000174
-0.6135433333333337
-1.1172479999999885
-0.5467806666666639
-0.4472526666666621
0.005323999999995166
-0.02060666666666927
0.158960999999997
0.6612796666666523
0.5615023333333289
0.4858699999999926
0.5124166666666619
0.2641173333333272
0.7050596666666585
0.5013909999999886
0.2731556666666623
0.530141333333322
0.4624033333333313
0.2806539999999964
-0.12217333333333068
-0.3451616666666584
-0.03430533333333416
-0.35792533333333143
-0.8012839999999939
-0.9106496666666503
-0.9542389999999974
-0.8896983333333219
-0.79139866666666
-0.6409699999999876
-0.6464919999999962
-0.5274243333333241
-0.21127699999999747
0.21225966666666302
0.060540333333334
0.08160166666666724
0.4063399999999987
0.4173216666666597
0.310797666666666
-0.27622833333332825
-0.18349099999999402
-0.4229536666666567
-0.6845336666666615
-0.26976399999999506
-0.31993866666666093
0.29768933333332914
-0.2521859999999979
-0.12028499999999573
0.30434799999999484
-0.2940446666666586
-0.4644199999999961
-0.9934356666666516
-0.8525036666666556
-0.45159033333332244
-0.6306116666666605
-0.2581259999999943
-0.41932733333332556
-0.4262096666666553
-0.23549533333333023
-0.48176699999999156
-0.32581266666666026
-0.6435879999999868
-0.6287123333333295
-0.13050766666666416
-0.1894346666666632
-0.4243323333333242
-0.4863099999999988
-0.12572999999999845
-0.14055799999999669
-0.6063089999999868
-0.5878143333333303
-0.6852449999999892
-0.8136883333333202
-1.0172909999999762
-0.3275799999999976
0.1245053333333321
-0.19039166666666374
0.3788509999999947
0.5881993333333284
1.0244446666666516
0.4089103333333283
0.002104666666668517
0.5330233333333342
0.3010663333333315
-0.0036116666666616837
-0.6152153333333188
-0.47301833333332843
-0.283924666666662
-0.577675999999993
-0.31516099999999403
-0.3045240000000002
0.28390266666666364
0.08957666666666622
0.43518933333332677
0.44666233333333016
-0.05506233333333258
-0.2815596666666633
-0.789403999999984
-0.10480799999999836
-0.46136933333332547
-0.23909233333332774
0.1495523333333315
0.6465543333333323
0.9045813333333229
0.5057286666666627
0.7642286666666505
0.4800436666666651
0.458241666666662
0.4957809999999943
0.34521299999999233
0.46864766666666385
0.4779499999999929
0.609693333333326
0.13124099999999878
0.057570333333334764
0.12146199999999863
0.12190566666666608
0.13225299999999982
0.05602300000000021
0.4265396666666582
0.22686766666666264
0.3289513333333245
0.2924386666666638
0.36911233333332677
0.6587276666666603
0.4757939999999923
0.7747849999999968
0.8772096666666553
1.0155933333333205
0.6896486666666525
0.7215193333333294
0.6694453333333248
0.505398666666662
0.499645666666658
0.6217786666666668
0.38623566666666204
0.4039529999999972
0.9603256666666472
0.9942166666666624
0.5225549999999924
0.21027233333332743
0.21209099999999242
0.21984966666666284
-0.16539966666666658
-0.08133399999999873
-0.09554233333332915
-0.17654999999999388
-0.05342333333332622
-0.0584759999999927
0.1349370000000053
-0.22238333333332622
0.3143873333333342
0.41219199999999956
0.6652396666666579
0.2522703333333335
-0.16323266666666503
0.28415933333333115
0.36800499999999337
0.19475133333333305
0.07907899999999882
0.3395076666666623
0.9712523333333121
0.4924039999999947
0.19148433333332526
0.5570326666666552
0.5905569999999836
0.11871566666666122
0.09724733333333124
0.45213299999999684
0.37142599999999487
0.08250733333333607
-0.2396313333333275
0.048264333333334936
-0.6023783333333232
-1.0383083333333314
-0.9133373333333223
-0.8697637221666589
-0.1341955794999998
0.2043319496666635
0.8843461148333216
1.1050194719999893
0.7071267283333215
0.5268364238333288
0.20056117949999264
-0.10328644666666906
-0.44534529416666463
-0.3372986496666727
0.03861055583332473
0.012012787499993294
0.006760754666661206
-0.004158578666670354
0.32346431433332434
0.17222558349999798
-0.2081926744999989
-0.3387092955000017
-0.4534810884999957
-0.4810646128333316
-1.0942030934999796
-0.8310766098333318
-0.6222944259999916
-0.5109657454999919
-0.48753003366665426
-0.44712381549999225
-0.2750164953333264
-0.18246225433332636
-0.004142519333331263
0.1877525253333337
-0.31847186099999486
-0.32666430233333305
-0.33109709683332644
-0.4133273550000006
-0.5261329049999957
-0.5001969109999983
-0.159822425166666
-0.2744348641666621
0.17634242899999697
0.16368581599999718
0.09078779533333328
0.23126544699999715
0.09774642766666483
-0.2713995244999965
-0.6036260704999878
-0.6781591878333264
-0.3319789298333257
-0.22784735616665908
0.43192497899999144
0.8594569764999925
1.117006640333317
0.7807609666666605
0.686954156666656
0.7987336281666652
0.49471576183333044
0.42047866666666595
0.159052666666666
0.3076883333333308
0.39369366666665684
0.41264299999998877
0.08487966666666169
0.36758699999999367
0.08909266666666085
0.004609000000000314
-0.37774733333331956
-0.7575003333333228
-0.2232083333333279
-0.2441853333333274
0.09392166666666973
0.625558999999995
0.9999109999999803
0.8782143333333179
0.53042733333332
0.3130929999999954
0.4294399999999923
0.015972000000002456
-0.012063333333332982
0.5027146666666622
0.25585999999999276
0.23399933333333145
-0.17773433333333183
-0.46783366666666737
-0.9904216666666548
-1.2567389999999867
-1.3306516666666417
-0.9493073333333337
-0.967523333333321
-0.41062633333333276
-0.042614000000004204
-0.2791616666666678
0.01771366666666669
-0.05332066666666431
0.31831066666665764
0.12689233333332964
0.35016299999999057
0.5151483333333251
0.5484709999999867
0.17458833333333593
-0.19523533333332255
0.031236333333339195
-0.43413699999998157
-0.5996539999999889
-0.6806909999999854
-0.6304686666666589
-0.059543000000005786
-0.4343093333333348
-0.5294996666666603
-0.6093816666666614
-0.14553366666666756
0.006871333333328816
-0.29975366666666065
-0.25663733333332794
0.19219566666666138
0.2905613333333287
-0.41969766666665653
-0.3695523333333221
-0.5519946666666473
-0.26304666666666
-0.02107966666666658
0.23976699999999762
0.282608333333322
0.5213559999999913
0.3610126666666536
0.44072233333332267
0.17640699999999399
0.2105949999999943
0.17164033333332876
0.11028966666665962
0.791596666666641
0.6257349999999866
0.6466569999999815
0.7272686666666522
1.333177999999967
1.3209533333333177
1.1425223333333128
0.9447533333333205
0.777516666666646
0.784648333333324
0.6393786666666488
0.3324713333333241
-0.040256333333338445
-0.2001230000000027
-0.09800999999999772
-0.43832799999999006
-0.6383739999999787
-0.9196146666666529
-1.031634999999976
-0.4889646666666532
-0.8363886666666445
-0.7056829999999922
-0.5650406666666566
0.14382866666666255
0.1377713333333303
-0.10610233333333172
0.14528433333333327
0.3402739999999957
0.4034873333333252
-0.07181166666666486
0.04163499999999539
-0.31110933333333723
-0.07988566666667156
-0.3944453333333357
-0.7741323333333273
-0.7808349999999967
-0.9461319999999878
-0.34778333333333356
-0.7960736666666599
-0.5492153333333306
-0.3713233333333285
-0.369490000000001
-0.23867433333333166
-0.5460216666666646
-0.518682999999993
-0.5984990000000001
-0.7707553333333265
-0.5921299999999969
-0.21609499999999693
-0.5399350000000008
0.0038170000000003895
0.27722199999999925
0.4017529999999951
0.13093300000000016
0.3064966666666644
0.67258033333333
0.5886906666666586
0.35588666666666813
0.5759636666666634
0.6878519999999985
0.11503066666666559
0.038969333333333564
-0.23530466666666416
-0.30492733333333133
-0.160706333333331
0.19233133333333352
0.4769123333333294
0.18796066666666572
0.08118366666666577
0.018447000000000213
0.13941766666666555
0.22453566666666552
0.06088133333333218
0.386686666666667
0.35619466666666316
0.08861966666666651
0.04169733333333281
-0.49883166666666656
-0.6811676666666598
-0.5465093333333306
-0.06549766666666612
0.3054113333333331
0.2099276666666648
0.2920206666666655
0.9094616666666546
0.7488286666666673
0.41993233333332936
0.07933566666666553
0.21528099999999606
0.6771819999999996
0.7055583333333264
0.4241049999999965
0.736332666666656
0.7736336666666652
0.4474543333333288
0.4271189999999971
0.11848099999999846
0.7344590000000006
0.7276903333333269
1.2233209999999932
1.423766666666645
1.2514406666666642
1.1440513333333209
0.52901933333333
0.4985786666666594
0.20752233333333356
0.06597066666666615
-0.18431966666666524
-0.11392699999999817
0.5008116666666657
0.16046433333333132
-0.16509166666666542
-0.5790583333333238
-0.13733133333333347
0.09567433333333164
-0.46417799999999787
-0.576729999999992
-0.0020130000000007225
0.4865556666666616
0.2745269999999987
0.2854903333333297
0.5052960000000004
0.4002643333333292
0.046874666666666176
-0.18222599999999972
-0.3549480000000024
-0.9015343333333259
-0.5504253333333309
-0.5610146666666584
-0.10410033333333424
-0.36766766666666245
-0.20142466666666414
-0.05044233333333092
-0.46436133333333146
0.1986379999999972
-0.18986733333333272
0.2546719999999937
-0.04720466666666903
-0.039534000000001485
0.3346969999999955
-0.07002233333333363
0.2309229999999993
-0.1142276666666647
-0.1649486666666633
0.05134066666666648
-0.3737396666666652
-0.4929393333333281
-0.9238056666666611
-0.5243993333333257
-0.4561920000000001
-0.695892999999993
-0.3241993333333313
-0.0025299999999994216
0.3442083333333332
0.2007243333333309
0.044857999999999676
0.013585000000000416
-0.04104833333333224
0.11613066666666341
-0.24334199999999878
-0.6005816666666551
-0.2060959999999996
-0.27670866666666316
-0.09000199999999958
-0.2230873333333278
-0.010365666666664664
0.4401759999999954
0.16012333333333273
0.3870129999999933
-0.11205333333333295
-0.12944066666666534
0.20225699999999713
-0.21296733333333073
-0.3394379999999989
-0.08271999999999935
-0.13472433333333206
-0.5915506666666548
-1.143970666666662
-1.101759999999985
-0.9195706666666569
-0.8810559999999821
-0.6164913333333264
-0.48916633333332277
-0.5868976666666574
-0.03542366666666433
0.03164333333333452
-0.20432133333333
0.02953866666666588
0.4492583333333241
0.43962599999999624
0.036813333333331116
0.33253366666666184
0.5091973333333227
0.5355276666666644
0.17665266666666452
0.7932943333333272
0.744292999999988
0.8478506666666645
0.7512743333333236
0.3973419999999951
0.5913599999999872
0.19012766666666497
-0.00803366666666483
-0.6822786666666576
-0.9061029999999796
-1.1155099999999898
-1.0471559999999822
-0.8801943333333219
-0.652846333333321
-0.40407400000000193
-0.07726400000000544
0.35534399999999106
0.23056733333332335
-0.04712766666667084
0.26195766666665926
0.5508213333333248
0.3329663333333268
0.0014410000000001921
-0.287609666666661
-0.09065099999999665
-0.4732016666666562
-0.833953999999992
-1.1253659999999794
-0.7569906666666548
-0.30742433333332364
-0.08623999999999699
-0.09205899999999631
-0.03252699999999854
0.30038799999999366
-0.14039299999999919
-0.5961669999999926
-0.587575999999997
-0.4579739999999951
-0.06775266666667196
0.08707599999999394
-0.012147666666671664
0.23118699999999157
0.24850833333332845
0.5506416666666555
0.18044399999999663
0.2750586666666616
0.3153589999999987
0.6705856666666573
0.7026689999999945
0.3010883333333294
0.21506100000000028
0.2507413333333281
0.7526566666666574
0.41856099999998864
0.49166699999999475
0.5876859999999893
0.8157196666666561
0.499740999999991
-0.01765133333333374
0.36855866666666026
-0.21008533333333013
0.0017783333333329931
0.11837099999999684
-0.180601666666668
-0.10279866666666826
-0.5962109999999858
-0.6134223333333276
-0.6520359999999857
-0.46150499999999156
-0.2296029999999939
-0.18149633333333126
0.12489766666666308
0.6623943333333238
0.2980596666666562
0.16733199999999498
0.13997133333333042
0.42702733333332643
-0.021820333333334524
-0.3254020000000004
0.2133706666666616
0.2040866666666642
0.38726599999998823
-0.07589266666666994
0.23200466666665837
0.5500366666666558
0.16037999999999297
0.12226133333333117
-0.10522599999999686
-0.018039999999999515
0.29973533333333013
-0.31793666666666176
-0.06406033333332728
-0.18862433333332912
0.20350733333332927
0.6524246666666654
0.37182933333332996
0.9719709999999913
0.7328749999999837
0.5781416666666617
0.22379866666666198
0.3040216666666611
0.0754343333333304
-0.19650400000000076
0.08423066666666715
0.07424633333333336
0.262148333333331
-0.29508966666666314
0.03455833333333259
0.15746133333333057
0.30711266666665726
0.30685599999999885
0.5411156666666581
0.764144333333326
0.2405956666666632
0.329736000000002
0.3126750000000006
0.18892500000000112
-0.4571783333333208
-0.163129999999997
-0.02190833333333056
-0.4569143333333269
-0.45322199999999047
-0.1081263333333305
-0.030711999999997047
-0.12486466666666227
0.24601133333332897
0.2499236666666662
-0.03370033333333211
0.0910323333333333
0.4386469999999927
0.11088733333333337
-0.40519233333332483
-0.2607549999999953
-0.4242589999999897
-0.3811463333333301
-0.38897466666665964
-0.03616433333332958
0.21425799999999806
0.2514673333333356
0.33240166666666626
-0.250088666666659
-0.10632966666666077
-0.39549766666666103
-0.10803833333332807
-0.11151433333332916
-0.1208386666666611
0.4139740000000022
0.08512533333333433
0.32754699999999853
-0.00489499999999532
-0.12132633333332776
-0.14662999999999582
-0.5904359999999944
-0.6173016666666546
-0.41647466666666355
-0.37362233333332895
0.07217466666666471
0.3941886666666572
0.8695059999999949
1.0145703333333187
1.0247709999999892
1.240700999999977
0.9086109999999932
0.8685929999999888
0.724423333333328
0.8665909999999862
0.1900396666666678
-0.15987766666666503
0.058424666666668346
0.1398613333333328
0.17267433333333365
0.003226666666667398
-0.013438333333331276
-0.04805166666666055
-0.4502189999999953
-0.9082076666666531
-0.9282533333333212
-0.7727463333333158
-0.7153996666666623
-0.17259733333332944
0.3107756666666662
0.3051399999999968
0.4591729999999994
0.4247613333333268
0.3539396666666639
-0.009027333333337773
-0.6127330000000034
-0.20253566666667128
-0.2809473333333362
-0.12856433333333286
-0.07668466666666582
0.38605966666666564
0.3873503333333356
0.4835416666666611
-0.007842999999997047
-0.5892699999999897
-0.515951333333328
-1.189968999999977
-1.146764666666663
-1.0938216666666507
-0.903543666666657
-0.7727169999999846
-0.6606379999999948
-0.6635053333333206
-0.1707199999999958
-0.7241299999999851
-0.7720386666666639
-0.38546933333333055
-0.5108839999999981
-0.2699766666666682
-0.6319096666666679
-0.0823973333333366
0.4157339999999909
0.26104099999999175
0.8153749999999934
0.5391869999999899
0.8796406666666559
0.33239066666666
0.1992979999999997
-0.1870659999999988
-0.8312479999999902
-0.26046899999999584
-0.7060019999999972
-0.7882159999999894
-0.8064393333333254
-0.5275526666666547
0.12628733333333153
-0.17355433333332737
-0.16838433333332894
0.20094066666666324
-0.16207766666666376
0.006838333333333689
-0.07149633333333458
-0.22899066666666595
0.10965533333332728
0.19739499999999394
0.6956839999999872
0.4468933333333243
0.1602553333333364
0.6186069999999955
0.8338476666666595
0.8425779999999848
0.7161879999999995
0.8463399999999885
0.7088473333333263
0.3485056666666602
-0.08862333333332974
-0.4664769999999894
-0.8129623333333198
-0.499465999999988
-0.38836599999999355
-0.5038696666666569
-0.03485166666666658
0.4114916666666538
0.3168476666666593
0.09909899999999695
-0.012389666666665716
0.3776446666666609
-0.19616666666665672
-0.1973473333333201
-0.20922366666665648
-0.1001109999999929
-0.2184893333333293
-0.04287066666666209
0.48210799999999265
0.0788369999999981
0.20990200000000145
-0.13688033333332944
0.4438316666666601
-0.20400599999999736
-0.37650800000000195
-0.44163166666666903
-0.5412000000000025
-0.7373189999999938
-1.196711999999996
-0.7911676666666588
-0.8951909999999884
-0.8649593333333108
-0.5654806666666632
0.024959000000000266
0.13592699999999874
-0.1439863333333277
-0.2251956666666631
-0.07706966666666318
0.1871833333333336
0.0731866666666694
0.46214666666666393
0.8694216666666488
0.8640243333333195
1.0175036666666375
0.6315393333333209
0.44707299999998307
0.061288333333324285
-0.4951429999999907
-0.45094500000000154
-0.2467226666666682
-0.269628333333336
-0.4611749999999909
-0.48087599999999553
-0.04587366666666831
0.09395099999999637
-0.23786399999999125
-0.4405169999999925
-0.03082933333333482
0.303401999999995
0.4224989999999868
0.2737606666666629
-0.042459999999999665
0.0631033333333353
-0.4177543333333209
-0.3896566666666596
-0.8665249999999811
-0.6791106666666523
-0.512845666666651
-0.3650239999999936
-0.31315533333332335
-0.6727709999999858
-0.48131233333331364
-0.6903636666666544
-0.3556666666666569
-0.030656999999995938
0.4418333333333303
0.35728733333333695
0.6832576666666597
0.6556476666666615
0.1675006666666678
-0.06499166666665934
-0.5598889999999841
-0.5863439999999863
-0.6730276666666507
-0.4638113333333308
0.01301666666666533
0.18048433333332614
0.6047359999999768
0.6888383333333163
0.392380999999984
0.5588733333333209
0.18609799999998744
0.12470699999999091
-0.08943366666667096
-0.1085076666666645
0.3709786666666553
0.20690999999999607
0.33236866666666187
0.1708703333333333
0.030950333333338104
