0.02447906893585065
0.048571844083687955
0.0718992404189963
0.0940964399681976
0.11481965250955081
0.13375243822967126
0.15061146166231865
0.16515155892432093
0.17717001555986084
0.18650996985284504
0.19306287585986734
0.19676998120334907
0.1976227963644631
0.19566255432712468
0.1909786814384717
0.18370632176273463
0.17402297752524967
0.16214434701023925
0.14831945806707267
0.1328252098205849
0.11596044695437246
0.09803969978887292
0.07938672912568308
0.06032801736729093
0.041186346714854466
0.022274601340194433
0.0038899234413136705
-0.01369165678506226
-0.030220009726925637
-0.0454750207880385
-0.05926995471823759
-0.07145401218229758
-0.08191404027555924
-0.09057537867647336
-0.09740184324275535
-0.10239486863181126
-0.10559185049319235
-0.10706374550067185
-0.10691200355820676
-0.10526492056555245
-0.10227351185609977
-0.09810701557146193
-0.09294814162939538
-0.0869881854576396
-0.08042212626126166
-0.07344382729170283
-0.06624145048887888
-0.05899319013750564
-0.05186342004201079
-0.04499933646399266
-0.038528165014080094
-0.0325549842182562
-0.027161201989792556
-0.02240370415472799
-0.018314676933680454
-0.014902088306799465
-0.01215079690088993
-0.010024241834900383
-0.008466653206715354
-0.0074057109243807675
-0.006755569653794847
-0.006420159992879888
-0.006296670749706414
-0.006279114496050936
-0.006261878420324078
-0.00614316488134687
-0.005828230869921804
-0.005232342660749736
-0.0042833710691582575
-0.002923963651497791
-0.0011132425983137828
0.0011720093756192877
0.003936698507198481
0.007167313460765815
0.010832356701326755
0.014883293302967683
0.019255983116968686
0.023872549703998793
0.02864362832224554
0.03347092583282128
0.038250017863030165
0.04287330313261811
0.04723303161722175
0.051224322257270014
0.05474808722002069
0.05771378322825794
0.06004191606506273
0.061666231879755506
0.06253553813637366
0.06261510770080651
0.06188763135824641
0.060353696663638205
0.05803178411021892
0.05495778480130824
0.05118405677425458
0.046778049507949934
0.04182053761978901
0.03640351502415063
0.03062780961656874
0.024600485641033606
0.01843210611446702
0.0122339308957669
0.006115127124645053
1.8006780144933087E-4
-0.005474208727030535
-0.010760310574733133
-0.015602514390866616
-0.019938445069094913
-0.023720370232584814
-0.02691607751889242
-0.029509314379573097
-0.03149978228746272
-0.032902689577159895
-0.033747879295968924
-0.03407856008430546
-0.03394967892219751
-0.033425984281260666
-0.03257983654967794
-0.031488829329484345
-0.030233290162791554
-0.028893732296861124
-0.027548330169262163
-0.026270490359599066
-0.025126586843607197
-0.024173924582295506
-0.023458988917831613
-0.023016030110935316
-0.02286602286602288
-0.0230160301109354
-0.02345898891783178
-0.024173924582295732
-0.02512658684360749
-0.026270490359599382
-0.02754833016926258
-0.028893732296861614
-0.03023329016279205
-0.03148882932948489
-0.03257983654967857
-0.0334259842812613
-0.03394967892219818
-0.034078560084306125
-0.033747879295969646
-0.03290268957716062
-0.031499782287463376
-0.029509314379573732
-0.02691607751889306
-0.023720370232585424
-0.019938445069095485
-0.015602514390867173
-0.01076031057473364
-0.005474208727031025
1.8006780144890137E-4
0.0061151271246446875
0.012233930895766632
0.018432106114466787
0.024600485641033426
0.03062780961656863
0.0364035150241506
0.04182053761978908
0.046778049507950066
0.05118405677425477
0.05495778480130851
0.05803178411021925
0.06035369666363855
0.0618876313582468
0.06261510770080694
0.06253553813637414
0.06166623187975598
0.060041916065063226
0.05771378322825846
0.05474808722002119
0.05122432225727049
0.0472330316172222
0.0428733031326185
0.03825001786303054
0.03347092583282161
0.028643628322245825
0.02387254970399904
0.019255983116968873
0.014883293302967813
0.010832356701326859
0.0071673134607658714
0.00393669850719848
0.0011720093756192556
-0.001113242598313841
-0.002923963651497908
-0.004283371069158385
-0.005232342660749869
-0.005828230869921937
-0.006143164881347002
-0.006261878420324176
-0.0062791144960510584
-0.006296670749706508
-0.006420159992879941
-0.006755569653794853
-0.007405710924380702
-0.008466653206715276
-0.01002424183490023
-0.01215079690088974
-0.014902088306799186
-0.018314676933680146
-0.022403704154727627
-0.027161201989792185
-0.03255498421825577
-0.03852816501407966
-0.044999336463992214
-0.051863420042010354
-0.05899319013750517
-0.06624145048887838
-0.07344382729170237
-0.08042212626126127
-0.08698818545763926
-0.09294814162939503
-0.0981070155714617
-0.10227351185609966
-0.10526492056555244
-0.10691200355820683
-0.10706374550067202
-0.10559185049319267
-0.10239486863181169
-0.09740184324275582
-0.09057537867647401
-0.08191404027556001
-0.07145401218229841
-0.059269954718238385
-0.04547502078803943
-0.03022000972692667
-0.013691656785063325
0.003889923441312601
0.022274601340193313
0.041186346714853356
0.06032801736728983
0.07938672912568202
0.09803969978887195
0.11596044695437162
0.13282520982058413
0.14831945806707197
0.16214434701023875
0.1740229775252494
0.1837063217627343
0.1909786814384713
0.19566255432712445
0.19762279636446312
0.19676998120334918
0.19306287585986756
0.18650996985284551
0.1771700155598615
0.16515155892432173
0.1506114616623196
0.13375243822967234
0.11481965250955206
0.09409643996819891
0.07189924041899765
0.048571844083689364
0.024479068935852097
6.214853724236286E-16
-0.024479068935850893
-0.04857184408368819
-0.07189924041899652
-0.09409643996819779
-0.114819652509551
-0.13375243822967142
-0.15061146166231876
-0.16515155892432104
-0.1771700155598609
-0.1865099698528451
-0.19306287585986734
-0.19676998120334901
-0.19762279636446303
-0.19566255432712457
-0.19097868143847158
-0.18370632176273452
-0.1740229775252495
-0.16214434701023908
-0.1483194580670725
-0.13282520982058474
-0.11596044695437233
-0.09803969978887278
-0.07938672912568297
-0.06032801736729085
-0.04118634671485441
-0.022274601340194405
-0.0038899234413136757
0.013691656785062222
0.030220009726925567
0.0454750207880384
0.05926995471823746
0.07145401218229744
0.08191404027555907
0.0905753786764732
0.09740184324275515
0.10239486863181106
0.10559185049319215
0.10706374550067169
0.10691200355820663
0.10526492056555234
0.10227351185609969
0.09810701557146187
0.09294814162939535
0.08698818545763963
0.08042212626126172
0.07344382729170294
0.06624145048887901
0.058993190137505834
0.05186342004201101
0.04499933646399292
0.038528165014080386
0.032554984218256505
0.027161201989792876
0.022403704154728317
0.018314676933680774
0.01490208830679977
0.012150796900890215
0.01002424183490064
0.008466653206715573
0.007405710924380941
0.00675556965379497
0.006420159992879957
0.006296670749706424
0.006279114496050886
0.006261878420323967
0.0061431648813467
0.005828230869921577
0.005232342660749457
0.00428337106915793
0.002923963651497424
0.0011132425983133834
-0.0011720093756197101
-0.003936698507198916
-0.007167313460766254
-0.010832356701327185
-0.014883293302968096
-0.019255983116969067
-0.02387254970399914
-0.02864362832224584
-0.03347092583282153
-0.038250017863030346
-0.04287330313261822
-0.04723303161722179
-0.051224322257269986
-0.05474808722002059
-0.05771378322825777
-0.06004191606506249
-0.061666231879755215
-0.06253553813637333
-0.06261510770080612
-0.06188763135824598
-0.06035369666363775
-0.05803178411021845
-0.054957784801307766
-0.05118405677425411
-0.046778049507949476
-0.04182053761978858
-0.03640351502415024
-0.030627809616568406
-0.02460048564103333
-0.018432106114466804
-0.012233930895766751
-0.006115127124644976
-1.8006780144932822E-4
0.005474208727030464
0.01076031057473299
0.015602514390866405
0.019938445069094642
0.023720370232584487
0.026916077518892044
0.02950931437957268
0.03149978228746227
0.03290268957715944
0.033747879295968466
0.034078560084305
0.033949678922197066
0.03342598428126025
0.03257983654967757
0.03148882932948401
0.030233290162791276
0.028893732296860902
0.02754833016926201
0.026270490359598983
0.025126586843607183
0.024173924582295555
0.02345898891783173
0.023016030110935497
0.022866022866023124
0.02301603011093569
0.02345898891783212
0.024173924582296107
0.02512658684360789
0.026270490359599805
0.02754833016926301
0.028893732296862037
0.03023329016279246
0.031488829329485275
0.03257983654967893
0.03342598428126162
0.03394967892219846
0.03407856008430635
0.03374787929596981
0.03290268957716073
0.03149978228746343
0.029509314379573725
0.02691607751889299
0.0237203702325853
0.019938445069095312
0.015602514390866951
0.01076031057473338
0.00547420872703073
-1.8006780144922343E-4
-0.006115127124645029
-0.012233930895766985
-0.01843210611446714
-0.02460048564103378
-0.03062780961656897
-0.03640351502415092
-0.04182053761978937
-0.04677804950795033
-0.051184056774255006
-0.0549577848013087
-0.058031784110219406
-0.06035369666363866
-0.06188763135824687
-0.06261510770080697
-0.06253553813637414
-0.06166623187975592
-0.06004191606506314
-0.05771378322825835
-0.05474808722002105
-0.051224322257270326
-0.04723303161722202
-0.04287330313261831
-0.03825001786303033
-0.0334709258328214
-0.02864362832224561
-0.023872549703998824
-0.019255983116968665
-0.014883293302967612
-0.010832356701326672
-0.007167313460765696
-0.003936698507198319
-0.0011720093756191086
0.0011132425983139728
0.0029239636514980243
0.004283371069158486
0.005232342660749956
0.00582823086992201
0.006143164881347061
0.006261878420324223
0.006279114496051093
0.006296670749706532
0.006420159992879955
0.006755569653794856
0.007405710924380695
0.008466653206715259
0.010024241834900202
0.012150796900889702
0.014902088306799137
0.01831467693368009
0.022403704154727557
0.027161201989792102
0.03255498421825567
0.038528165014079546
0.04499933646399209
0.051863420042010215
0.058993190137505015
0.06624145048887821
0.07344382729170221
0.08042212626126108
0.08698818545763906
0.09294814162939484
0.09810701557146151
0.10227351185609947
0.10526492056555224
0.10691200355820664
0.10706374550067185
0.1055918504931925
0.10239486863181155
0.0974018432427557
0.09057537867647393
0.08191404027555996
0.07145401218229838
0.0592699547182384
0.04547502078803947
0.030220009726926747
0.013691656785063436
-0.003889923441312457
-0.02227460134019314
-0.04118634671485315
-0.060328017367289606
-0.07938672912568177
-0.09803969978887167
-0.11596044695437134
-0.13282520982058385
-0.1483194580670717
-0.16214434701023847
-0.17402297752524912
-0.18370632176273408
-0.19097868143847108
-0.1956625543271243
-0.19762279636446295
-0.19676998120334907
-0.1930628758598675
-0.18650996985284546
-0.1771700155598615
-0.1651515589243218
-0.15061146166231965
-0.13375243822967245
-0.1148196525095522
-0.09409643996819908
-0.07189924041899784
-0.048571844083689586
-0.024479068935852333
-8.615101742187337E-16
