0.24805552025682687
0.4132847759571906
0.46297811428625685
0.4284783915809423
0.37522408959516024
0.3545501999071846
0.374198410237146
0.4060598670574431
0.41867196977040005
0.40461602203931624
0.38188412131105154
0.37306498593843584
0.38418387135131976
0.4018483871428714
0.40846029834077113
0.39915185983149226
0.3847122299222572
0.3795456799795476
0.3876264203240561
0.3998322689228975
0.4039778616974088
0.39678426307107334
0.38621788594888967
0.38283272758754516
0.3893555110497818
0.3986668128877061
0.4014628581363768
0.3954648580066029
0.3871457107474578
0.38482017239200783
0.3903966559952466
0.397911390382176
0.3998518715610834
0.39462114804597986
0.3877721071705291
0.386153134898308
0.39109535455511185
0.3973840881789225
0.3987300490398983
0.3940319760311288
0.3882216203713259
0.38711085990864774
0.39159987569140053
0.3969967950549952
0.3979023670126052
0.39359414865113335
0.38855832978788074
0.3878337615334173
0.3919842992610134
0.39670180102107483
0.39726510726646025
0.3932530794106593
0.38881848305116024
0.38840014586922755
0.392289757263737
0.3964710792713088
0.396758020775988
0.39297716689540757
0.3890240860157705
0.3888571419385002
0.3925409469222412
0.39628711616996076
0.39634369890477644
0.39274681423876096
0.38918924492154244
0.3892348319144739
0.39275363202006397
0.3961384285808174
0.3959976664766182
0.3925491823654796
0.38932339635209584
0.3895533410255605
0.39293838984231555
0.3960171962357439
0.3957032145125907
0.3923754640944847
0.38943306968752767
0.3898266655537972
0.39310262755826
0.3959179314592179
0.39544852232094474
0.39221936991352363
0.3895229038315345
0.3900648655724151
0.3932517351494336
0.39583669322820747
0.3952249662857066
0.3920762388815069
0.38959626101666867
0.39027538406323325
0.3933897792585857
0.3957706033357746
0.39502608023240526
0.39194249102366646
0.3896556113854311
0.39046387425763235
0.3935199400674937
0.3957175384239817
0.3948468910057304
0.3918152750955123
0.38970278121782204
0.3906347378572478
0.39364479829045185
0.39567592879332036
0.3946834788411757
0.39169223223103794
0.389739116733356
0.39079148704952626
0.3937665320034882
0.39564462460210414
0.394532676860305
0.39157133006804395
0.3897655935850453
0.3909369959803298
0.39388705824785025
0.395622806264506
0.3943918588667103
0.3914507401336488
0.38978289000478333
0.39107368140277393
0.3940081408921417
0.3956099250838648
0.3942587840967807
0.39132874127817013
0.38979143447593656
0.39120363749348647
0.39413147877952787
0.3956056656610335
0.3941314787795257
0.39120363749348497
0.3897914344759358
0.3913287412781678
0.39425878409677745
0.39560992508386295
0.39400814089214126
0.3910736814027723
0.3897828900047805
0.3914507401336475
0.3943918588667104
0.39562280626450586
0.39388705824784925
0.3909369959803301
0.389765593585047
0.39157133006804296
0.3945326768603013
0.39564462460210226
0.3937665320034879
0.39079148704952493
0.38973911673335393
0.3916922322310369
0.3946834788411761
0.39567592879331975
0.39364479829045035
0.3906347378572477
0.38970278121782304
0.3918152750955121
0.394846891005729
0.3957175384239816
0.3935199400674951
0.39046387425763196
0.38965561138542854
0.3919424910236651
0.3950260802324048
0.3957706033357732
0.3933897792585834
0.3902753840632327
0.3895962610166692
0.39207623888150633
0.3952249662857043
0.3958366932282067
0.393251735149434
0.39006486557241493
0.38952290383153326
0.39221936991352374
0.395448522320946
0.39591793145921667
0.3931026275582561
0.389826665553795
0.3894330696875266
0.39237546409448276
0.3957032145125877
0.3960171962357422
0.39293838984231516
0.3895533410255592
0.3893233963520935
0.3925491823654788
0.3959976664766183
0.3961384285808162
0.39275363202006125
0.3892348319144721
0.389189244921542
0.3927468142387591
0.39634369890477267
0.39628711616995893
0.39254094692224023
0.3888571419384982
0.38902408601576716
0.39297716689540557
0.3967580207759869
0.39647107927130687
0.39228975726373383
0.38840014586922633
0.3888184830511601
0.3932530794106587
0.3972651072664586
0.39670180102107455
0.3919842992610141
0.38783376153341553
0.3885583297878763
0.3935941486511305
0.39790236701260334
0.39699679505499263
0.3915998756913969
0.38711085990864574
0.3882216203713248
0.3940319760311268
0.39873004903989495
0.39738408817892085
0.39109535455511085
0.38615313489830605
0.3877721071705257
0.39462114804597787
0.39985187156108215
0.39791139038217277
0.3903966559952415
0.38482017239200456
0.38714571074745546
0.3954648580066001
0.401462858136373
0.39866681288770417
0.38935551104978045
0.38283272758754283
0.38621788594888556
0.3967842630710712
0.4039778616974076
0.3998322689228959
0.38762642032405314
0.3795456799795465
0.3847122299222566
0.39915185983148976
0.40846029834076614
0.40184838714286863
0.3841838713513173
0.37306498593843246
0.3818841213110464
0.4046160220393131
0.41867196977039767
0.40605986705744024
0.3741984102371412
0.354550199907181
0.37522408959515563
0.4284783915809368
0.46297811428625085
0.41328477595718943
0.2480555202568274
3.942222719154581E-16
-0.24805552025682703
-0.41328477595719015
-0.46297811428625607
-0.42847839158094164
-0.3752240895951599
-0.3545501999071846
-0.3741984102371461
-0.40605986705744324
-0.41867196977040005
-0.40461602203931624
-0.38188412131105154
-0.37306498593843573
-0.38418387135131943
-0.40184838714287097
-0.4084602983407709
-0.3991518598314924
-0.3847122299222576
-0.37954567997954824
-0.38762642032405675
-0.39983226892289786
-0.4039778616974089
-0.39678426307107345
-0.3862178859488898
-0.3828327275875454
-0.3893555110497819
-0.398666812887706
-0.40146285813637644
-0.3954648580066027
-0.3871457107474579
-0.3848201723920083
-0.39039665599524714
-0.3979113903821763
-0.39985187156108354
-0.39462114804597986
-0.3877721071705291
-0.3861531348983081
-0.39109535455511196
-0.3973840881789225
-0.39873004903989806
-0.3940319760311286
-0.3882216203713259
-0.3871108599086481
-0.391599875691401
-0.3969967950549954
-0.39790236701260495
-0.3935941486511328
-0.3885583297878801
-0.38783376153341687
-0.3919842992610131
-0.3967018010210745
-0.3972651072664597
-0.3932530794106586
-0.3888184830511597
-0.38840014586922733
-0.3922897572637373
-0.3964710792713096
-0.3967580207759889
-0.39297716689540824
-0.3890240860157708
-0.3888571419385002
-0.39254094692224073
-0.39628711616996
-0.39634369890477567
-0.3927468142387605
-0.38918924492154255
-0.38923483191447455
-0.39275363202006486
-0.39613842858081805
-0.3959976664766183
-0.39254918236547925
-0.3893233963520954
-0.3895533410255603
-0.39293838984231577
-0.39601719623574433
-0.39570321451259116
-0.39237546409448504
-0.389433069687528
-0.38982666555379786
-0.393102627558261
-0.3959179314592189
-0.3954485223209454
-0.39221936991352363
-0.38952290383153404
-0.39006486557241454
-0.3932517351494333
-0.39583669322820725
-0.39522496628570636
-0.39207623888150656
-0.3895962610166682
-0.3902753840632329
-0.3933897792585858
-0.395770603335775
-0.3950260802324057
-0.3919424910236666
-0.38965561138543076
-0.3904638742576318
-0.39351994006749313
-0.3957175384239813
-0.39484689100573006
-0.39181527509551184
-0.3897027812178215
-0.39063473785724734
-0.3936447982904516
-0.39567592879332025
-0.3946834788411756
-0.3916922322310377
-0.38973911673335565
-0.39079148704952615
-0.39376653200348855
-0.3956446246021048
-0.3945326768603058
-0.3915713300680444
-0.3897655935850452
-0.3909369959803294
-0.3938870582478499
-0.39562280626450613
-0.39439185886671085
-0.39145074013364956
-0.3897828900047841
-0.3910736814027747
-0.3940081408921427
-0.395609925083866
-0.39425878409678194
-0.3913287412781709
-0.3897914344759368
-0.39120363749348624
-0.39413147877952753
-0.3956056656610333
-0.3941314787795257
-0.39120363749348486
-0.3897914344759351
-0.3913287412781666
-0.3942587840967758
-0.3956099250838613
-0.3940081408921399
-0.39107368140277143
-0.3897828900047797
-0.39145074013364684
-0.39439185886670985
-0.39562280626450563
-0.3938870582478496
-0.39093699598033077
-0.38976559358504764
-0.3915713300680434
-0.3945326768603014
-0.39564462460210226
-0.3937665320034879
-0.39079148704952515
-0.3897391167333545
-0.39169223223103766
-0.3946834788411769
-0.39567592879332053
-0.3936447982904511
-0.3906347378572484
-0.3897027812178235
-0.39181527509551245
-0.3948468910057291
-0.3957175384239817
-0.3935199400674951
-0.39046387425763196
-0.38965561138542854
-0.3919424910236653
-0.39502608023240526
-0.39577060333577385
-0.3933897792585841
-0.39027538406323314
-0.3895962610166692
-0.3920762388815059
-0.39522496628570375
-0.39583669322820636
-0.3932517351494339
-0.39006486557241493
-0.38952290383153304
-0.3922193699135231
-0.39544852232094513
-0.3959179314592159
-0.39310262755825576
-0.38982666555379514
-0.38943306968752694
-0.392375464094483
-0.3957032145125876
-0.3960171962357421
-0.39293838984231527
-0.3895533410255598
-0.3893233963520943
-0.39254918236547925
-0.3959976664766181
-0.3961384285808153
-0.39275363202006003
-0.3892348319144711
-0.38918924492154167
-0.39274681423875957
-0.39634369890477367
-0.3962871161699598
-0.39254094692224056
-0.38885714193849785
-0.38902408601576616
-0.39297716689540435
-0.3967580207759859
-0.3964710792713062
-0.3922897572637336
-0.38840014586922633
-0.38881848305116024
-0.3932530794106588
-0.3972651072664587
-0.39670180102107466
-0.3919842992610142
-0.3878337615334154
-0.38855832978787586
-0.39359414865112985
-0.3979023670126027
-0.3969967950549923
-0.39159987569139726
-0.3871108599086465
-0.3882216203713257
-0.39403197603112733
-0.39873004903989495
-0.3973840881789204
-0.3910953545551105
-0.38615313489830605
-0.38777210717052624
-0.39462114804597875
-0.3998518715610829
-0.3979113903821731
-0.39039665599524115
-0.3848201723920038
-0.38714571074745446
-0.3954648580065991
-0.4014628581363722
-0.3986668128877037
-0.38935551104978033
-0.38283272758754305
-0.3862178859488858
-0.3967842630710712
-0.40397786169740696
-0.3998322689228947
-0.3876264203240516
-0.37954567997954497
-0.3847122299222556
-0.39915185983148954
-0.4084602983407667
-0.4018483871428695
-0.3841838713513182
-0.3730649859384331
-0.3818841213110467
-0.4046160220393131
-0.41867196977039745
-0.4060598670574399
-0.37419841023714084
-0.3545501999071808
-0.37522408959515585
-0.4284783915809376
-0.4629781142862522
-0.4132847759571911
-0.2480555202568289
-1.3178874813088375E-15
