0.04288144886582572
0.08534428646501131
0.12697720856750458
0.16738337419812743
0.2061872635851022
0.24304109704248275
0.2776306837783887
0.30968058231411183
0.33895846950169345
0.36527863268340266
0.388504518937844
0.40855029615411226
0.4253814023861491
0.43901408206288767
0.4495139296566753
0.4569934828376535
0.46160892747625715
0.46355599563832983
0.4630651545247122
0.4603961987650215
0.455832370266348
0.44967413868875217
0.4422327813879048
0.4338239042221973
0.42476104393478337
0.41534948893452384
0.40588044833319525
0.3966256892409038
0.38783274983565474
0.37972082092491816
0.3724773719774865
0.36625557933658975
0.3611725949764553
0.35730867420239804
0.35470716059747404
0.35337530676381756
0.35328589045825465
0.3543795680199343
0.35656789093842123
0.359736897375843
0.3637511787457964
0.3684583123148398
0.3736935444145657
0.3792846053495275
0.3850565365036188
0.3908364124581859
0.3964578460422382
0.401765171974446
0.4066172149014344
0.410890559904136
0.41448225760174295
0.41731191145905455
0.4193231113951836
0.42048419487680966
0.4207883339251039
0.42025296344096874
0.418918582539326
0.4168469757831061
0.41411891495671665
0.4108314139932464
0.407094619594252
0.4030284277353377
0.3987589214744978
0.3944147281763253
0.3901233944018142
0.38600787432402156
0.3821832227115126
0.3787535764321076
0.37580949928288765
0.3734257540125737
0.37165955297594405
0.37054932528809925
0.37011402399577714
0.37035298203600603
0.37124631099750527
0.3727558223214757
0.3748264369458891
0.3773880368577375
0.3803577008854248
0.3836422576131249
0.3871410807582735
0.3907490468980366
0.3943595721799386
0.3978676436662972
0.40117276224222587
0.40418171750382337
0.4068111206204708
0.4089896286627315
0.4106598030860372
0.4117795556981395
0.41232314721753993
0.4122817161255714
0.411663328582432
0.410492553363612
0.408809578723857
0.4066689004662345
0.4041376219572295
0.40129341708492766
0.3982222159404457
0.39501568008813587
0.3917685394999411
0.3885758664370182
0.38553036269515534
0.3827197356732338
0.38022423571577485
0.37811442221582764
0.37644921918942653
0.3752743126415708
0.37462093227255505
0.3745050491947296
0.37492700964404485
0.37587161249901985
0.377308626094668
0.37919372767575876
0.38146983720171
0.3840688064084461
0.3869134143414935
0.3899196122590433
0.39299895408546437
0.39606114365277184
0.39901662692943546
0.40177915638046624
0.40426825555402296
0.4064115149176339
0.4081466547879388
0.40942329777702363
0.41020440133392433
0.4104673104673076
0.41020440133392405
0.4094232977770234
0.4081466547879384
0.4064115149176333
0.40426825555402224
0.4017791563804654
0.39901662692943474
0.3960611436527708
0.39299895408546315
0.3899196122590421
0.38691341434149223
0.38406880640844465
0.38146983720170846
0.37919372767575715
0.37730862609466637
0.3758716124990183
0.37492700964404313
0.3745050491947279
0.37462093227255333
0.375274312641569
0.37644921918942476
0.3781144222158258
0.38022423571577313
0.38271973567323214
0.3855303626951535
0.3885758664370166
0.39176853949993945
0.39501568008813426
0.39822221594044405
0.401293417084926
0.404137621957228
0.406668900466233
0.40880957872385526
0.41049255336361035
0.41166332858243043
0.41228171612556963
0.41232314721753827
0.41177955569813773
0.41065980308603556
0.40898962866272975
0.40681112062046904
0.4041817175038215
0.40117276224222387
0.39786764366629523
0.39435957217993656
0.3907490468980345
0.38714108075827136
0.3836422576131226
0.3803577008854223
0.3773880368577349
0.37482643694588663
0.37275582232147303
0.37124631099750255
0.3703529820360032
0.3701140239957744
0.3705493252880964
0.37165955297594105
0.3734257540125708
0.37580949928288476
0.37875357643210467
0.38218322271150973
0.3860078743240186
0.3901233944018114
0.3944147281763223
0.39875892147449465
0.40302842773533465
0.40709461959424914
0.41083141399324347
0.41411891495671377
0.41684697578310326
0.41891858253932335
0.4202529634409659
0.4207883339251011
0.42048419487680705
0.4193231113951811
0.41731191145905205
0.41448225760174034
0.41089055990413337
0.4066172149014318
0.4017651719744434
0.39645784604223555
0.3908364124581832
0.3850565365036161
0.3792846053495248
0.3736935444145631
0.368458312314837
0.36375117874579344
0.3597368973758401
0.3565678909384182
0.35437956801993126
0.35328589045825154
0.3533753067638145
0.35470716059747076
0.3573086742023948
0.36117259497645193
0.3662555793365863
0.372477371977483
0.3797208209249146
0.38783274983565125
0.3966256892409002
0.40588044833319165
0.41534948893452023
0.4247610439347798
0.4338239042221938
0.44223278138790134
0.4496741386887489
0.4558323702663448
0.4603961987650184
0.4630651545247091
0.463555995638327
0.46160892747625454
0.4569934828376508
0.4495139296566725
0.4390140820628851
0.42538140238614675
0.40855029615411
0.3885045189378418
0.3652786326834008
0.3389584695016919
0.3096805823141104
0.2776306837783872
0.24304109704248153
0.20618726358510117
0.16738337419812652
0.12697720856750375
0.08534428646501052
0.042881448865825005
-3.917410045851454E-16
-0.0428814488658259
-0.08534428646501148
-0.12697720856750475
-0.1673833741981276
-0.2061872635851023
-0.24304109704248286
-0.2776306837783888
-0.30968058231411194
-0.33895846950169356
-0.36527863268340277
-0.3885045189378441
-0.40855029615411237
-0.4253814023861492
-0.4390140820628878
-0.4495139296566754
-0.4569934828376536
-0.46160892747625726
-0.46355599563832994
-0.4630651545247123
-0.46039619876502164
-0.4558323702663481
-0.4496741386887524
-0.442232781387905
-0.4338239042221975
-0.4247610439347836
-0.41534948893452406
-0.4058804483331955
-0.396625689240904
-0.38783274983565497
-0.37972082092491827
-0.3724773719774866
-0.36625557933658986
-0.36117259497645543
-0.35730867420239815
-0.35470716059747415
-0.35337530676381756
-0.35328589045825465
-0.3543795680199343
-0.35656789093842123
-0.359736897375843
-0.36375117874579627
-0.36845831231483966
-0.3736935444145656
-0.3792846053495274
-0.3850565365036187
-0.3908364124581858
-0.396457846042238
-0.4017651719744458
-0.40661721490143415
-0.41089055990413575
-0.41448225760174273
-0.41731191145905444
-0.41932311139518347
-0.42048419487680955
-0.4207883339251038
-0.42025296344096863
-0.4189185825393259
-0.4168469757831061
-0.41411891495671665
-0.4108314139932464
-0.40709461959425214
-0.4030284277353378
-0.39875892147449793
-0.3944147281763255
-0.3901233944018144
-0.3860078743240218
-0.38218322271151284
-0.37875357643210783
-0.375809499282888
-0.37342575401257405
-0.3716595529759444
-0.3705493252880996
-0.3701140239957775
-0.37035298203600636
-0.3712463109975056
-0.3727558223214759
-0.3748264369458893
-0.3773880368577377
-0.38035770088542503
-0.38364225761312504
-0.38714108075827364
-0.3907490468980367
-0.3943595721799386
-0.3978676436662972
-0.40117276224222587
-0.40418171750382326
-0.4068111206204707
-0.40898962866273136
-0.4106598030860371
-0.4117795556981393
-0.4123231472175397
-0.4122817161255712
-0.41166332858243176
-0.4104925533636118
-0.40880957872385676
-0.4066689004662343
-0.4041376219572293
-0.40129341708492744
-0.3982222159404455
-0.39501568008813576
-0.391768539499941
-0.3885758664370181
-0.3855303626951552
-0.3827197356732338
-0.38022423571577485
-0.37811442221582764
-0.37644921918942664
-0.3752743126415709
-0.37462093227255516
-0.3745050491947298
-0.3749270096440451
-0.37587161249902007
-0.3773086260946682
-0.379193727675759
-0.38146983720171024
-0.38406880640844643
-0.38691341434149373
-0.38991961225904354
-0.3929989540854646
-0.39606114365277206
-0.3990166269294357
-0.40177915638046646
-0.40426825555402307
-0.406411514917634
-0.40814665478793893
-0.40942329777702363
-0.41020440133392433
-0.4104673104673076
-0.41020440133392394
-0.4094232977770233
-0.40814665478793827
-0.40641151491763305
-0.404268255554022
-0.4017791563804652
-0.3990166269294345
-0.39606114365277056
-0.3929989540854629
-0.38991961225904187
-0.386913414341492
-0.38406880640844443
-0.38146983720170824
-0.37919372767575693
-0.37730862609466626
-0.3758716124990182
-0.374927009644043
-0.3745050491947279
-0.37462093227255333
-0.37527431264156913
-0.37644921918942487
-0.37811442221582603
-0.38022423571577335
-0.38271973567323236
-0.38553036269515384
-0.3885758664370169
-0.3917685394999398
-0.3950156800881347
-0.3982222159404445
-0.40129341708492644
-0.40413762195722847
-0.40666890046623344
-0.4088095787238557
-0.4104925533636108
-0.4116633285824309
-0.4122817161255701
-0.4123231472175386
-0.41177955569813807
-0.4106598030860359
-0.40898962866273
-0.40681112062046926
-0.4041817175038216
-0.401172762242224
-0.39786764366629523
-0.39435957217993656
-0.3907490468980344
-0.38714108075827125
-0.3836422576131225
-0.3803577008854221
-0.3773880368577347
-0.3748264369458863
-0.3727558223214727
-0.3712463109975022
-0.37035298203600286
-0.3701140239957741
-0.3705493252880961
-0.3716595529759407
-0.37342575401257044
-0.37580949928288443
-0.37875357643210433
-0.3821832227115094
-0.3860078743240183
-0.39012339440181115
-0.39441472817632206
-0.39875892147449443
-0.40302842773533454
-0.40709461959424903
-0.41083141399324336
-0.41411891495671377
-0.41684697578310326
-0.41891858253932335
-0.420252963440966
-0.42078833392510123
-0.42048419487680716
-0.4193231113951812
-0.41731191145905216
-0.41448225760174046
-0.4108905599041335
-0.40661721490143193
-0.4017651719744435
-0.39645784604223566
-0.3908364124581833
-0.3850565365036162
-0.3792846053495248
-0.3736935444145631
-0.368458312314837
-0.36375117874579344
-0.35973689737583997
-0.35656789093841806
-0.35437956801993115
-0.3532858904582513
-0.3533753067638143
-0.35470716059747054
-0.3573086742023946
-0.3611725949764517
-0.366255579336586
-0.37247737197748265
-0.37972082092491427
-0.3878327498356509
-0.39662568924089986
-0.4058804483331913
-0.4153494889345199
-0.4247610439347796
-0.4338239042221936
-0.4422327813879011
-0.44967413868874867
-0.4558323702663446
-0.4603961987650183
-0.463065154524709
-0.4635559956383269
-0.46160892747625454
-0.4569934828376508
-0.4495139296566725
-0.4390140820628851
-0.42538140238614686
-0.4085502961541101
-0.38850451893784194
-0.3652786326834009
-0.338958469501692
-0.3096805823141106
-0.2776306837783874
-0.2430410970424817
-0.20618726358510134
-0.16738337419812674
-0.12697720856750397
-0.08534428646501072
-0.0428814488658252
2.1018654666473199E-16
