0.5400419461641305
0.8350302171287226
0.8337380282971909
0.689792345530732
0.5950793132874227
0.6131732720026052
0.6683110851757454
0.6683719967130318
0.6099454340600425
0.5612106834197851
0.5683006973160204
0.6055332219467605
0.6185427966993848
0.5942288091759622
0.5704826184039993
0.5827625209940006
0.6206340150064171
0.6459726500145523
0.6431923086089848
0.6359702684850969
0.6532869181672354
0.6921428495203935
0.7238679236763667
0.7321678712955131
0.732318741991104
0.7488667265308055
0.783319967578523
0.8135418224319783
0.8233140819230877
0.8223493786308511
0.8318937082582349
0.8565379882429854
0.8791475106111795
0.8840066133412612
0.8768578177269998
0.8762865845579486
0.8890885807216955
0.9021569798313582
0.9004879628466176
0.8867901384113878
0.8773132904497771
0.8803916729357296
0.8862152047029059
0.8805576234695357
0.8636555653721902
0.8495611431106036
0.8475945031268112
0.8506566048865906
0.8453019411310458
0.8296692932665467
0.8156793865751052
0.8131981753420748
0.8173891210095304
0.8156058040174623
0.8042050246073947
0.7930582365247936
0.7922673241426097
0.7989514304027088
0.801341107861025
0.7943363644392526
0.7858951688092062
0.7861665990084361
0.7940370318966171
0.7987462283961636
0.7940769387272544
0.786247832623194
0.7853418579975023
0.7918867179814509
0.7962733055457176
0.7914842662367375
0.7821648521199525
0.7782314046563468
0.7817244838245356
0.7842844381371934
0.7783459591357943
0.7670955033846163
0.7601481069201601
0.7608834727099644
0.7622171510324548
0.7562069742737629
0.7446333093418314
0.7366325621005458
0.7367032842753797
0.7390005385532338
0.7353177123048364
0.7260476483525645
0.7196582709717951
0.7215346929463253
0.7270160859888909
0.7277323151830627
0.7227211246506736
0.7196255899422234
0.7245178624857334
0.7338907934337573
0.7393432789172987
0.7386425174710393
0.7385153356036724
0.7455793427902917
0.7574953591295827
0.7660091163674675
0.7677597979159076
0.7685289962397029
0.775386131792462
0.7872027394270039
0.796072233268933
0.7976780074035146
0.7968560739719527
0.8010441335108583
0.8103552528720469
0.8174123913505125
0.8171021709220146
0.8133007019998796
0.813699676785103
0.8196346401919121
0.8243867666967769
0.8221620266092963
0.8158241191252084
0.8131557361183662
0.8166346062712054
0.820270836863517
0.8176649764780267
0.8105866048900632
0.8067134937219299
0.8095458094826111
0.8138622620029856
0.8127237606397288
0.8067303633282105
0.8032646860137705
0.8067303633282074
0.8127237606397265
0.8138622620029837
0.8095458094826075
0.8067134937219244
0.8105866048900597
0.817664976478024
0.8202708368635133
0.8166346062712014
0.813155736118364
0.8158241191252082
0.8221620266092955
0.8243867666967746
0.819634640191911
0.8136996767851037
0.8133007019998786
0.8171021709220109
0.8174123913505087
0.8103552528720456
0.8010441335108561
0.7968560739719501
0.7976780074035139
0.7960722332689326
0.787202739427002
0.7753861317924594
0.7685289962397023
0.7677597979159082
0.7660091163674676
0.7574953591295798
0.7455793427902883
0.7385153356036721
0.7386425174710373
0.7393432789172956
0.7338907934337542
0.7245178624857308
0.7196255899422189
0.7227211246506683
0.7277323151830594
0.7270160859888893
0.7215346929463231
0.7196582709717894
0.7260476483525605
0.7353177123048333
0.7390005385532309
0.7367032842753762
0.7366325621005438
0.7446333093418298
0.7562069742737572
0.7622171510324476
0.7608834727099603
0.7601481069201563
0.7670955033846122
0.7783459591357879
0.7842844381371892
0.781724483824532
0.7782314046563439
0.782164852119949
0.7914842662367355
0.7962733055457157
0.7918867179814462
0.7853418579974972
0.7862478326231893
0.794076938727251
0.7987462283961597
0.7940370318966118
0.7861665990084303
0.7858951688092035
0.7943363644392479
0.8013411078610189
0.7989514304027031
0.7922673241426046
0.7930582365247874
0.8042050246073879
0.815605804017459
0.8173891210095269
0.8131981753420714
0.8156793865750995
0.8296692932665427
0.845301941131044
0.8506566048865851
0.8475945031268031
0.8495611431105979
0.8636555653721844
0.8805576234695295
0.8862152047028996
0.8803916729357245
0.8773132904497729
0.8867901384113835
0.9004879628466111
0.9021569798313535
0.8890885807216935
0.8762865845579437
0.8768578177269939
0.884006613341256
0.8791475106111769
0.8565379882429806
0.8318937082582262
0.8223493786308453
0.8233140819230849
0.8135418224319737
0.783319967578518
0.7488667265308002
0.7323187419910998
0.7321678712955091
0.7238679236763604
0.6921428495203895
0.6532869181672321
0.6359702684850922
0.643192308608979
0.645972650014548
0.6206340150064154
0.5827625209939957
0.5704826184039912
0.5942288091759542
0.6185427966993803
0.605533221946754
0.5683006973160122
0.5612106834197801
0.6099454340600343
0.6683719967130255
0.6683110851757361
0.6131732720025992
0.5950793132874139
0.6897923455307243
0.83373802829718
0.8350302171287179
0.5400419461641303
6.226487663007126E-15
-0.5400419461641254
-0.8350302171287204
-0.8337380282971905
-0.6897923455307324
-0.5950793132874214
-0.6131732720026045
-0.6683110851757446
-0.6683719967130325
-0.6099454340600423
-0.5612106834197873
-0.5683006973160188
-0.605533221946759
-0.6185427966993857
-0.5942288091759615
-0.570482618403999
-0.5827625209940004
-0.6206340150064185
-0.6459726500145534
-0.6431923086089868
-0.6359702684850984
-0.6532869181672349
-0.6921428495203942
-0.7238679236763664
-0.7321678712955144
-0.7323187419911042
-0.7488667265308049
-0.7833199675785216
-0.8135418224319794
-0.8233140819230873
-0.8223493786308516
-0.8318937082582356
-0.856537988242987
-0.8791475106111795
-0.8840066133412596
-0.8768578177270009
-0.8762865845579484
-0.8890885807216959
-0.9021569798313578
-0.9004879628466169
-0.8867901384113875
-0.8773132904497765
-0.8803916729357312
-0.8862152047029066
-0.8805576234695355
-0.8636555653721896
-0.8495611431106038
-0.8475945031268096
-0.8506566048865888
-0.8453019411310463
-0.8296692932665469
-0.8156793865751039
-0.8131981753420737
-0.8173891210095298
-0.8156058040174623
-0.8042050246073952
-0.793058236524796
-0.7922673241426104
-0.7989514304027114
-0.8013411078610261
-0.7943363644392524
-0.7858951688092057
-0.7861665990084334
-0.7940370318966169
-0.7987462283961632
-0.7940769387272542
-0.7862478326231944
-0.7853418579975048
-0.7918867179814509
-0.7962733055457185
-0.7914842662367366
-0.7821648521199516
-0.7782314046563454
-0.7817244838245347
-0.7842844381371938
-0.7783459591357965
-0.767095503384617
-0.7601481069201592
-0.7608834727099641
-0.7622171510324577
-0.756206974273764
-0.7446333093418345
-0.7366325621005452
-0.7367032842753768
-0.7390005385532333
-0.7353177123048358
-0.7260476483525647
-0.7196582709717965
-0.7215346929463231
-0.7270160859888902
-0.7277323151830623
-0.7227211246506743
-0.7196255899422254
-0.7245178624857369
-0.733890793433756
-0.7393432789172971
-0.738642517471039
-0.7385153356036729
-0.7455793427902928
-0.7574953591295811
-0.7660091163674659
-0.7677597979159059
-0.7685289962397027
-0.7753861317924637
-0.7872027394270028
-0.7960722332689334
-0.7976780074035119
-0.7968560739719507
-0.801044133510861
-0.8103552528720471
-0.8174123913505134
-0.8171021709220135
-0.8133007019998816
-0.8136996767851008
-0.8196346401919121
-0.8243867666967769
-0.822162026609296
-0.8158241191252061
-0.8131557361183682
-0.8166346062712083
-0.8202708368635188
-0.8176649764780274
-0.8105866048900654
-0.8067134937219315
-0.8095458094826145
-0.8138622620029861
-0.8127237606397271
-0.8067303633282111
-0.8032646860137708
-0.8067303633282067
-0.812723760639727
-0.8138622620029826
-0.8095458094826063
-0.8067134937219206
-0.8105866048900571
-0.8176649764780216
-0.8202708368635122
-0.8166346062712003
-0.813155736118364
-0.815824119125206
-0.8221620266092957
-0.8243867666967768
-0.8196346401919123
-0.8136996767851041
-0.8133007019998795
-0.8171021709220113
-0.8174123913505105
-0.810355252872044
-0.8010441335108563
-0.7968560739719506
-0.7976780074035146
-0.7960722332689364
-0.7872027394270025
-0.775386131792461
-0.7685289962397007
-0.7677597979159109
-0.7660091163674676
-0.7574953591295798
-0.7455793427902894
-0.7385153356036697
-0.7386425174710366
-0.7393432789172965
-0.7338907934337542
-0.7245178624857332
-0.7196255899422187
-0.7227211246506685
-0.7277323151830605
-0.7270160859888898
-0.721534692946324
-0.7196582709717876
-0.7260476483525585
-0.7353177123048324
-0.7390005385532333
-0.7367032842753762
-0.7366325621005416
-0.7446333093418283
-0.7562069742737549
-0.7622171510324489
-0.7608834727099605
-0.7601481069201566
-0.7670955033846122
-0.7783459591357903
-0.784284438137187
-0.7817244838245324
-0.7782314046563459
-0.782164852119951
-0.7914842662367357
-0.7962733055457164
-0.7918867179814442
-0.7853418579974943
-0.7862478326231873
-0.7940769387272513
-0.798746228396161
-0.7940370318966133
-0.7861665990084317
-0.7858951688092042
-0.7943363644392479
-0.8013411078610171
-0.7989514304027007
-0.7922673241426015
-0.7930582365247865
-0.8042050246073872
-0.8156058040174594
-0.8173891210095273
-0.8131981753420705
-0.8156793865750995
-0.8296692932665443
-0.8453019411310444
-0.8506566048865818
-0.8475945031268053
-0.8495611431105955
-0.8636555653721812
-0.8805576234695304
-0.8862152047028998
-0.880391672935727
-0.877313290449772
-0.8867901384113851
-0.9004879628466129
-0.9021569798313519
-0.8890885807216913
-0.8762865845579451
-0.8768578177269932
-0.8840066133412597
-0.8791475106111776
-0.8565379882429794
-0.8318937082582291
-0.8223493786308422
-0.8233140819230795
-0.8135418224319757
-0.7833199675785169
-0.7488667265307991
-0.7323187419910978
-0.7321678712955091
-0.7238679236763642
-0.6921428495203902
-0.6532869181672294
-0.6359702684850893
-0.6431923086089766
-0.6459726500145466
-0.6206340150064118
-0.5827625209939971
-0.5704826184039916
-0.5942288091759578
-0.618542796699379
-0.6055332219467577
-0.568300697316012
-0.5612106834197819
-0.6099454340600339
-0.6683719967130228
-0.6683110851757348
-0.6131732720025987
-0.5950793132874193
-0.6897923455307223
-0.8337380282971809
-0.8350302171287204
-0.5400419461641347
-1.2288409021411146E-14
