7.294320640000082
65424.52762500356
0
7270.121842418893
0
2617.769474795028
0
1335.9990457177862
0
808.5216397924943
0
541.5135961510464
0
387.94462769467185
0
291.59447986102145
0
227.20245507584224
0
182.05239851838684
0
149.17686755073453
0
124.49864219187883
0
105.50286680265296
0
90.5700379594089
0
78.61903802293499
0
68.9058123768743
0
60.904700099243236
0
54.23579452066447
0
48.61900446653736
0
43.844161284099805
0
39.75107197101856
0
36.215908564568
0
33.14173369331774
0
30.45178574327896
0
28.084641833231206
0
25.99068157473502
0
24.129466667629128
0
22.467774957499962
0
20.97810860167322
0
19.63755003696869
0
18.426876074726483
0
17.329865645540014
0
16.332754285253806
0
15.423800860357856
0
14.5929408958554
0
13.831507273187814
0
13.132003740693719
0
12.487920124652016
0
11.893580691659086
0
11.344019035539375
0
10.834874315839329
0
10.362304782855881
0
9.922915374545775
0
9.513696827888278
0
9.131974258524702
0
8.775363562663426
0
8.44173431029877
0
8.129178048249068
0
7.835981130081258
0
7.5606013488627895
0
7.3016477764096805
0
7.057863315876563
0
6.8281095582511115
0
6.611353601533424
0
6.406656547199893
0
6.213163434407107
0
6.030094410202255
0
5.8567369653026855
0
5.692439091000408
0
5.536603234406656
0
5.388680947365562
0
5.248168139555241
0
5.114600859075996
0
4.987551534608858
0
4.866625622352899
0
4.751458608693127
0
4.641713326137374
0
4.537077545682096
0
4.437261813567608
0
4.341997504507162
0
4.251035067007879
0
4.164142439453131
0
4.08110361824259
0
4.001717361563171
0
3.925796014333894
0
3.8531644415811828
0
3.783659058989473
0
3.717126950672432
0
3.653425065342894
0
3.5924194830542526
0
3.533984745554311
0
3.478003244058475
0
3.4243646589200893
0
3.372965446268652
0
3.3237083672083956
0
3.276502055632647
0
3.231260621116798
0
3.1879032837165457
0
3.1463540378184716
0
3.106541342477008
0
3.068397835925708
0
3.0318600721788536
0
2.996868277840396
0
2.9633661274203567
0
2.9313005356191373
0
2.900621465187244
0
2.871281749096591
0
2.8432369258783408
0
2.8164450870865307
0
2.79086673594226
0
2.766464656298625
0
2.7432037911442717
0
2.721051129932622
0
2.69997560408821
0
2.6799479900977965
0
2.6609408196473385
0
2.642928296311254
0
2.625886218346575
0
2.609791907180081
0
2.594624141215989
0
2.5803630946215623
0
2.566990280780662
0
2.5544885001301125
0
2.5428417921221134
0
2.532035391075824
0
2.522055685706372
0
2.512890182136346
0
2.5045274702157543
0
2.4969571929914314
0
2.490170019185503
0
2.4841576185546668
0
2.478912640019342
0
2.4744286924615575
0
2.4707003281071125
0
2.4677230284155445
0
2.4654931924167203
0
2.464008127440703
0
2.4632660422012633
0
2.463266042201255
0
2.4640081274407386
0
2.4654931924167154
0
2.4677230284155707
0
2.4707003281071045
0
2.4744286924615864
0
2.4789126400193324
0
2.484157618554695
0
2.4901700191854528
0
2.496957192991455
0
2.504527470215732
0
2.512890182136369
0
2.522055685706348
0
2.5320353910758406
0
2.5428417921221085
0
2.5544885001301583
0
2.566990280780619
0
2.5803630946215725
0
2.5946241412159634
0
2.6097919071801043
0
2.625886218346563
0
2.6429282963112826
0
2.660940819647321
0
2.679947990097886
0
2.699975604088195
0
2.7210511299326403
0
2.7432037911442455
0
2.7664646562986492
0
2.790866735942256
0
2.816445087086572
0
2.84323692587836
0
2.871281749096629
0
2.9006214651872164
0
2.931300535619163
0
2.96336612742034
0
2.996868277840445
0
3.031860072178857
0
3.068397835925739
0
3.106541342477014
0
3.1463540378185675
0
3.1879032837165338
0
3.2312606211168076
0
3.2765020556326245
0
3.3237083672084275
0
3.3729654462686227
0
3.4243646589201155
0
3.4780032440584683
0
3.5339847455543705
0
3.5924194830542384
0
3.653425065342924
0
3.7171269506724163
0
3.7836590589894854
0
3.853164441581172
0
3.9257960143339625
0
4.00171736156319
0
4.081103618242689
0
4.164142439453134
0
4.251035067007905
0
4.34199750450714
0
4.437261813567661
0
4.537077545682058
0
4.6417133261374195
0
4.7514586086930555
0
4.866625622353024
0
4.987551534608866
0
5.114600859075996
0
5.248168139555228
0
5.388680947365618
0
5.5366032344066625
0
5.692439091000459
0
5.856736965302714
0
6.030094410202392
0
6.213163434407107
0
6.406656547199949
0
6.611353601533394
0
6.828109558251205
0
7.057863315876579
0
7.301647776409741
0
7.560601348862777
0
7.835981130081295
0
8.129178048249006
0
8.44173431029882
0
8.7753635626634
0
9.13197425852481
0
9.51369682788832
0
9.922915374545891
0
10.362304782855885
0
10.834874315839512
0
11.344019035539384
0
11.893580691659139
0
12.487920124651973
0
13.132003740693794
0
13.831507273187784
0
14.592940895855508
0
15.42380086035787
0
16.332754285253877
0
17.32986564553991
0
18.426876074726515
0
19.637550036968683
0
20.978108601673398
0
22.467774957500012
0
24.129466667629348
0
25.990681574735092
0
28.08464183323161
0
30.45178574327891
0
33.141733693317846
0
36.21590856456793
0
39.75107197101879
0
43.84416128409977
0
48.61900446653761
0
54.23579452066452
0
60.90470009924369
0
68.905812376874
0
78.61903802293524
0
90.57003795940865
0
105.50286680265354
0
124.49864219187835
0
149.17686755073532
0
182.05239851838684
0
227.2024550758444
0
291.59447986102
0
387.9446276946727
0
541.5135961510443
0
808.5216397924968
0
1335.9990457177819
0
2617.76947479504
0
7270.1218424188755
0
65424.52762500391
