0.12230953212501822
0.2421830539112709
0.357271630822755
0.4653967863052988
0.564626666770677
0.6533417977102187
0.7302877169915435
0.7946123719405901
0.845886861304108
0.8841088583225414
0.9096888308387345
0.9234199415473606
0.9264332299066024
0.9201403132470235
0.9061663688271323
0.8862765472680044
0.8622992040077115
0.8360494097789553
0.8092561122283367
0.7834960752272975
0.7601373343015236
0.7402943968432583
0.7247968109620889
0.7141720578588611
0.708643023063834
0.7081396063516967
0.7123233724796287
0.72062355651459
0.7322822458836465
0.7464061885730786
0.7620224389727862
0.7781349585411889
0.7937793392188544
0.8080730074927909
0.8202585834492635
0.8297384931505286
0.8360994402534958
0.8391259062150406
0.8388024376794436
0.8353050639999505
0.8289827374848832
0.8203301764716701
0.8099538931016624
0.7985334850207804
0.7867804503151228
0.7753968413401993
0.7650360058538886
0.7562674796252448
0.7495478060765018
0.7451986833644588
0.7433933996490325
0.7441520381061882
0.7473454410619955
0.7527074441254313
0.7598544517575228
0.7683110480885615
0.7775400399475486
0.7869751272257677
0.796054297671992
0.8042520520326104
0.811108678279189
0.8162550020901719
0.8194313313169144
0.8204996671921733
0.8194486536711284
0.8163911556750834
0.8115547735650621
0.8052659919198615
0.7979290044765849
0.7900005357192689
0.7819621787942258
0.7742918795468225
0.7674362129663159
0.7617850219132781
0.7576498245565256
0.7552471570789422
0.7546877166296672
0.7559718241254999
0.7589913574343053
0.7635379338337617
0.769316767395157
0.7759653117327558
0.7830755386187104
0.7902185121900377
0.7969698066956037
0.8029342882047452
0.8077688378726025
0.8112017318995018
0.8130476024212628
0.8132171714770203
0.8117212609978375
0.8086689172732179
0.8042598292133247
0.7987715464649163
0.7925422975924346
0.7859504536696181
0.7793918652503321
0.7732564109863577
0.767905128520198
0.7636492515689663
0.7607323547052081
0.7593166168862803
0.759473967752855
0.761182591710395
0.7643289507090696
0.7687151656400153
0.7740712868280344
0.780071703897904
0.7863547102147199
0.7925440603630475
0.7982712505368478
0.8031972171120721
0.8070321896519606
0.8095525484036047
0.8106137160793763
0.8101583487303623
0.8082193670423784
0.8049176713265234
0.8004546933476788
0.7951002380546742
0.7891763409929211
0.7830380970543055
0.7770525901116976
0.7715771611038343
0.7669382881920366
0.7634123147588061
0.7612091515641167
0.7604599047323508
0.7612091515641164
0.7634123147588057
0.7669382881920358
0.7715771611038337
0.7770525901116964
0.7830380970543045
0.7891763409929198
0.7951002380546731
0.8004546933476776
0.8049176713265218
0.8082193670423771
0.8101583487303614
0.8106137160793754
0.8095525484036041
0.8070321896519598
0.8031972171120719
0.7982712505368477
0.7925440603630473
0.7863547102147204
0.7800717038979045
0.7740712868280348
0.7687151656400159
0.7643289507090707
0.7611825917103956
0.7594739677528557
0.759316616886281
0.7607323547052088
0.7636492515689673
0.7679051285201985
0.7732564109863578
0.779391865250333
0.7859504536696185
0.7925422975924347
0.7987715464649167
0.8042598292133248
0.808668917273218
0.8117212609978376
0.8132171714770197
0.8130476024212625
0.8112017318995017
0.8077688378726022
0.8029342882047453
0.7969698066956038
0.7902185121900374
0.7830755386187098
0.7759653117327555
0.769316767395157
0.7635379338337618
0.7589913574343047
0.7559718241255
0.7546877166296673
0.7552471570789422
0.7576498245565254
0.761785021913278
0.7674362129663161
0.7742918795468224
0.7819621787942255
0.7900005357192688
0.7979290044765844
0.8052659919198613
0.8115547735650619
0.8163911556750832
0.8194486536711277
0.8204996671921729
0.8194313313169145
0.8162550020901718
0.8111086782791896
0.804252052032611
0.796054297671992
0.7869751272257681
0.7775400399475488
0.7683110480885617
0.7598544517575232
0.7527074441254314
0.7473454410619963
0.7441520381061887
0.7433933996490325
0.745198683364459
0.7495478060765028
0.7562674796252445
0.7650360058538885
0.7753968413401991
0.7867804503151226
0.7985334850207805
0.8099538931016624
0.8203301764716707
0.8289827374848834
0.8353050639999507
0.8388024376794438
0.8391259062150405
0.8360994402534955
0.8297384931505288
0.8202585834492633
0.8080730074927905
0.7937793392188545
0.7781349585411887
0.7620224389727859
0.7464061885730785
0.7322822458836472
0.7206235565145903
0.7123233724796292
0.7081396063516961
0.7086430230638343
0.7141720578588608
0.7247968109620886
0.7402943968432578
0.7601373343015234
0.783496075227297
0.8092561122283369
0.8360494097789551
0.8622992040077109
0.8862765472680043
0.9061663688271318
0.9201403132470227
0.9264332299066026
0.9234199415473604
0.9096888308387348
0.8841088583225419
0.8458868613041084
0.7946123719405914
0.7302877169915445
0.6533417977102198
0.5646266667706777
0.46539678630529985
0.3572716308227559
0.2421830539112725
0.12230953212501977
1.4891844538207443E-15
-0.1223095321250168
-0.24218305391126962
-0.35727163082275326
-0.46539678630529735
-0.5646266667706756
-0.653341797710218
-0.7302877169915425
-0.7946123719405899
-0.8458868613041076
-0.8841088583225413
-0.9096888308387344
-0.9234199415473604
-0.9264332299066026
-0.9201403132470231
-0.9061663688271323
-0.8862765472680051
-0.8622992040077118
-0.8360494097789557
-0.8092561122283375
-0.7834960752272978
-0.7601373343015239
-0.7402943968432585
-0.724796810962089
-0.7141720578588614
-0.7086430230638342
-0.7081396063516964
-0.7123233724796292
-0.7206235565145908
-0.7322822458836468
-0.7464061885730785
-0.7620224389727854
-0.7781349585411887
-0.7937793392188545
-0.8080730074927907
-0.8202585834492638
-0.8297384931505282
-0.8360994402534956
-0.8391259062150411
-0.8388024376794441
-0.8353050639999513
-0.8289827374848828
-0.8203301764716708
-0.809953893101663
-0.7985334850207804
-0.786780450315123
-0.775396841340199
-0.7650360058538881
-0.756267479625244
-0.7495478060765022
-0.7451986833644588
-0.743393399649032
-0.7441520381061871
-0.7473454410619953
-0.7527074441254308
-0.7598544517575235
-0.7683110480885613
-0.7775400399475483
-0.7869751272257679
-0.7960542976719915
-0.80425205203261
-0.8111086782791893
-0.8162550020901714
-0.8194313313169144
-0.820499667192173
-0.8194486536711286
-0.8163911556750839
-0.8115547735650624
-0.8052659919198615
-0.7979290044765851
-0.7900005357192692
-0.7819621787942258
-0.7742918795468225
-0.7674362129663165
-0.7617850219132773
-0.7576498245565252
-0.755247157078943
-0.7546877166296669
-0.7559718241255
-0.7589913574343051
-0.7635379338337613
-0.7693167673951576
-0.7759653117327564
-0.7830755386187097
-0.7902185121900375
-0.7969698066956034
-0.802934288204745
-0.8077688378726032
-0.8112017318995016
-0.813047602421263
-0.8132171714770202
-0.8117212609978377
-0.8086689172732178
-0.8042598292133252
-0.7987715464649157
-0.7925422975924344
-0.7859504536696175
-0.7793918652503319
-0.773256410986357
-0.7679051285201977
-0.7636492515689657
-0.7607323547052072
-0.7593166168862794
-0.7594739677528544
-0.761182591710393
-0.7643289507090689
-0.7687151656400144
-0.7740712868280349
-0.7800717038979045
-0.7863547102147195
-0.7925440603630476
-0.7982712505368471
-0.8031972171120727
-0.8070321896519608
-0.8095525484036047
-0.8106137160793774
-0.8101583487303627
-0.808219367042379
-0.804917671326526
-0.8004546933476802
-0.7951002380546761
-0.7891763409929218
-0.7830380970543072
-0.7770525901116986
-0.7715771611038351
-0.7669382881920368
-0.7634123147588072
-0.7612091515641171
-0.7604599047323508
-0.7612091515641162
-0.7634123147588054
-0.7669382881920351
-0.7715771611038326
-0.7770525901116955
-0.7830380970543037
-0.7891763409929183
-0.7951002380546728
-0.800454693347676
-0.8049176713265219
-0.8082193670423762
-0.810158348730359
-0.8106137160793747
-0.8095525484036031
-0.8070321896519592
-0.8031972171120719
-0.7982712505368476
-0.7925440603630477
-0.7863547102147211
-0.7800717038979049
-0.7740712868280364
-0.7687151656400167
-0.7643289507090714
-0.7611825917103958
-0.7594739677528566
-0.7593166168862816
-0.7607323547052097
-0.7636492515689675
-0.7679051285201989
-0.7732564109863594
-0.7793918652503329
-0.7859504536696187
-0.7925422975924356
-0.7987715464649165
-0.804259829213325
-0.8086689172732179
-0.8117212609978381
-0.8132171714770198
-0.813047602421262
-0.8112017318995017
-0.8077688378726021
-0.8029342882047452
-0.7969698066956027
-0.7902185121900372
-0.7830755386187103
-0.7759653117327556
-0.7693167673951568
-0.7635379338337615
-0.7589913574343045
-0.7559718241254998
-0.7546877166296672
-0.7552471570789415
-0.7576498245565259
-0.761785021913278
-0.7674362129663159
-0.7742918795468207
-0.7819621787942255
-0.7900005357192686
-0.7979290044765837
-0.8052659919198607
-0.811554773565062
-0.816391155675083
-0.8194486536711281
-0.8204996671921732
-0.819431331316914
-0.8162550020901721
-0.8111086782791875
-0.8042520520326107
-0.7960542976719918
-0.7869751272257678
-0.7775400399475498
-0.7683110480885618
-0.7598544517575234
-0.7527074441254334
-0.747345441061996
-0.7441520381061879
-0.7433933996490336
-0.7451986833644592
-0.7495478060765024
-0.7562674796252442
-0.7650360058538891
-0.7753968413401997
-0.7867804503151229
-0.7985334850207806
-0.8099538931016637
-0.8203301764716696
-0.8289827374848822
-0.8353050639999507
-0.8388024376794434
-0.8391259062150405
-0.8360994402534954
-0.8297384931505289
-0.8202585834492636
-0.808073007492792
-0.7937793392188552
-0.7781349585411889
-0.7620224389727865
-0.7464061885730782
-0.7322822458836458
-0.7206235565145904
-0.7123233724796297
-0.7081396063516971
-0.7086430230638338
-0.7141720578588608
-0.72479681096209
-0.7402943968432577
-0.7601373343015212
-0.7834960752272973
-0.8092561122283354
-0.8360494097789541
-0.8622992040077105
-0.8862765472680053
-0.9061663688271322
-0.9201403132470244
-0.9264332299066023
-0.9234199415473614
-0.9096888308387339
-0.8841088583225413
-0.8458868613041093
-0.7946123719405908
-0.7302877169915444
-0.6533417977102196
-0.5646266667706815
-0.4653967863053015
-0.3572716308227574
-0.24218305391127384
-0.12230953212502188
-2.9783689076414886E-15
