0.036804759859947925
0.07354488476264467
0.1101559362970147
0.14657386845985804
0.18273522215110116
0.21857731762562166
0.25403844423213884
0.2890580467795809
0.32357690788366444
0.3575373256611146
0.3908832861559528
0.4235606299015261
0.4555172120433718
0.4867030554715261
0.5170704964364072
0.546574322149838
0.5751718999020154
0.6028232972561818
0.6294913929152798
0.6551419778888742
0.679743846623952
0.7032688777997598
0.7256921045244444
0.7469917737098141
0.7671493944398591
0.7861497751886602
0.8039810497837645
0.8206346920519336
0.8361055191251623
0.8503916834259144
0.8634946533914493
0.875419183037776
0.8861732705040305
0.8957681057577445
0.90421800768046
0.9115403507912592
0.9177554819028954
0.9228866270412137
0.9269597889932573
0.9300036358827923
0.9320493812037935
0.9331306557726048
0.9332833720879236
0.9325455816143355
0.9309573255297625
0.9285604794997787
0.9253985930622356
0.9215167242239047
0.9169612698868916
0.9117797927362589
0.9060208452316475
0.8997337913546235
0.8929686267699541
0.8857757980630768
0.8782060217175701
0.8703101034955381
0.8621387588804335
0.8537424352360145
0.8451711363268656
0.8364742498352556
0.8277003784960951
0.8188971754564364
0.8101111844484095
0.8013876853447539
0.7927705456442778
0.784302078410738
0.7760229071628699
0.7679718381857159
0.760185740704093
0.7526994353281441
0.7455455911485165
0.7387546318249613
0.7323546509771581
0.7263713371504814
0.7208279085923581
0.715745058037017
0.7111409076578419
0.7070309743074785
0.7034281451263598
0.7003426635606087
0.6977821257904879
0.6957514875308385
0.6942530811254355
0.6932866428180561
0.692849350044412
0.6929358685511326
0.6935384091108182
0.694646793565954
0.6962485298993293
0.6983288959946682
0.7008710317185893
0.7038560389238688
0.7072630889444286
0.7110695371246101
0.7152510438992074
0.7197817019165721
0.7246341686748837
0.729779804121557
0.735188812647757
0.7408303888942078
0.7466728667709511
0.7526838710825058
0.7588304711410238
0.7650793357435725
0.7713968888856141
0.7777494655811249
0.7841034671605899
0.7904255154213349
0.7966826050102834
0.8028422534272479
0.8088726480472397
0.814742789572969
0.8204226313436598
0.8258832139434593
0.8310967945720349
0.8360369706612917
0.840678797245513
0.8449988976174472
0.848975566829902
0.8525888676311315
0.8558207184525983
0.8586549730994617
0.8610774918272492
0.8630762035224876
0.8646411587404741
0.8657645733897161
0.8664408628897246
0.8666666666666667
0.8664408628897244
0.8657645733897161
0.8646411587404741
0.8630762035224877
0.8610774918272491
0.8586549730994618
0.8558207184525983
0.8525888676311317
0.8489755668299022
0.844998897617447
0.840678797245513
0.8360369706612918
0.8310967945720349
0.8258832139434595
0.8204226313436596
0.8147427895729691
0.8088726480472398
0.8028422534272478
0.7966826050102835
0.7904255154213351
0.7841034671605897
0.7777494655811249
0.7713968888856145
0.7650793357435723
0.7588304711410239
0.7526838710825057
0.7466728667709512
0.7408303888942079
0.7351888126477569
0.729779804121557
0.7246341686748841
0.719781701916572
0.7152510438992074
0.7110695371246102
0.7072630889444287
0.7038560389238689
0.7008710317185894
0.698328895994668
0.6962485298993294
0.6946467935659542
0.6935384091108181
0.6929358685511328
0.6928493500444122
0.693286642818056
0.6942530811254353
0.6957514875308384
0.6977821257904882
0.7003426635606087
0.7034281451263593
0.7070309743074784
0.7111409076578419
0.715745058037017
0.7208279085923581
0.7263713371504814
0.7323546509771582
0.7387546318249613
0.7455455911485166
0.7526994353281441
0.7601857407040928
0.7679718381857155
0.7760229071628697
0.784302078410738
0.7927705456442776
0.8013876853447537
0.8101111844484095
0.8188971754564363
0.8277003784960955
0.8364742498352558
0.8451711363268655
0.8537424352360143
0.8621387588804332
0.8703101034955377
0.8782060217175701
0.8857757980630766
0.8929686267699541
0.8997337913546234
0.9060208452316473
0.9117797927362589
0.916961269886892
0.9215167242239044
0.9253985930622354
0.9285604794997786
0.9309573255297622
0.9325455816143355
0.9332833720879237
0.9331306557726051
0.9320493812037937
0.9300036358827924
0.9269597889932575
0.9228866270412139
0.917755481902895
0.9115403507912591
0.90421800768046
0.8957681057577445
0.8861732705040306
0.8754191830377761
0.8634946533914494
0.8503916834259149
0.8361055191251626
0.8206346920519338
0.803981049783765
0.7861497751886601
0.7671493944398593
0.7469917737098143
0.7256921045244448
0.7032688777997599
0.6797438466239522
0.6551419778888743
0.6294913929152803
0.6028232972561824
0.5751718999020159
0.5465743221498385
0.5170704964364075
0.48670305547152604
0.4555172120433723
0.4235606299015264
0.39088328615595314
0.35753732566111496
0.32357690788366456
0.28905804677958163
0.2540384442321396
0.21857731762562216
0.18273522215110133
0.1465738684598579
0.11015593629701464
0.07354488476264526
0.03680475985994822
3.6739403974420594E-16
-0.03680475985994749
-0.07354488476264452
-0.11015593629701391
-0.1465738684598572
-0.1827352221511006
-0.21857731762562146
-0.2540384442321386
-0.2890580467795807
-0.32357690788366417
-0.3575373256611143
-0.39088328615595247
-0.42356062990152576
-0.4555172120433715
-0.4867030554715256
-0.5170704964364068
-0.5465743221498379
-0.5751718999020154
-0.6028232972561817
-0.6294913929152797
-0.6551419778888738
-0.6797438466239516
-0.7032688777997594
-0.7256921045244443
-0.7469917737098137
-0.7671493944398589
-0.7861497751886597
-0.8039810497837645
-0.8206346920519336
-0.8361055191251623
-0.8503916834259145
-0.8634946533914489
-0.8754191830377759
-0.8861732705040304
-0.8957681057577443
-0.90421800768046
-0.9115403507912587
-0.9177554819028949
-0.9228866270412138
-0.9269597889932575
-0.9300036358827928
-0.9320493812037933
-0.9331306557726048
-0.9332833720879237
-0.9325455816143355
-0.9309573255297625
-0.928560479499779
-0.925398593062235
-0.9215167242239044
-0.9169612698868921
-0.9117797927362591
-0.9060208452316478
-0.8997337913546231
-0.892968626769954
-0.8857757980630768
-0.8782060217175703
-0.8703101034955381
-0.8621387588804338
-0.8537424352360141
-0.8451711363268658
-0.836474249835256
-0.8277003784960957
-0.8188971754564367
-0.8101111844484092
-0.8013876853447541
-0.792770545644278
-0.7843020784107381
-0.7760229071628699
-0.7679718381857159
-0.7601857407040925
-0.7526994353281442
-0.7455455911485168
-0.7387546318249609
-0.7323546509771584
-0.7263713371504809
-0.7208279085923579
-0.7157450580370175
-0.7111409076578421
-0.7070309743074787
-0.7034281451263594
-0.7003426635606085
-0.6977821257904884
-0.6957514875308386
-0.694253081125435
-0.6932866428180559
-0.6928493500444118
-0.6929358685511324
-0.6935384091108185
-0.694646793565954
-0.6962485298993293
-0.6983288959946683
-0.7008710317185893
-0.7038560389238688
-0.7072630889444289
-0.7110695371246097
-0.7152510438992069
-0.719781701916572
-0.7246341686748837
-0.7297798041215573
-0.7351888126477568
-0.7408303888942076
-0.7466728667709513
-0.7526838710825058
-0.758830471141024
-0.7650793357435725
-0.7713968888856139
-0.7777494655811245
-0.78410346716059
-0.7904255154213349
-0.7966826050102837
-0.8028422534272476
-0.8088726480472392
-0.8147427895729692
-0.8204226313436597
-0.8258832139434592
-0.8310967945720349
-0.8360369706612915
-0.8406787972455128
-0.8449988976174472
-0.8489755668299018
-0.8525888676311317
-0.8558207184525983
-0.8586549730994617
-0.8610774918272492
-0.8630762035224875
-0.864641158740474
-0.8657645733897162
-0.8664408628897244
-0.8666666666666667
-0.8664408628897244
-0.8657645733897161
-0.8646411587404741
-0.8630762035224875
-0.8610774918272492
-0.8586549730994617
-0.8558207184525984
-0.8525888676311317
-0.848975566829902
-0.8449988976174474
-0.8406787972455128
-0.8360369706612915
-0.8310967945720351
-0.8258832139434593
-0.8204226313436599
-0.8147427895729694
-0.8088726480472396
-0.8028422534272478
-0.7966826050102839
-0.790425515421335
-0.7841034671605902
-0.7777494655811247
-0.7713968888856141
-0.7650793357435727
-0.7588304711410241
-0.752683871082506
-0.7466728667709515
-0.7408303888942077
-0.735188812647757
-0.7297798041215574
-0.7246341686748838
-0.7197817019165722
-0.7152510438992071
-0.7110695371246099
-0.7072630889444289
-0.7038560389238689
-0.7008710317185894
-0.6983288959946683
-0.6962485298993293
-0.6946467935659542
-0.6935384091108185
-0.6929358685511324
-0.6928493500444117
-0.693286642818056
-0.6942530811254352
-0.6957514875308386
-0.6977821257904882
-0.7003426635606085
-0.7034281451263593
-0.7070309743074785
-0.7111409076578419
-0.7157450580370175
-0.7208279085923583
-0.7263713371504812
-0.7323546509771588
-0.7387546318249603
-0.745545591148516
-0.7526994353281437
-0.7601857407040926
-0.7679718381857156
-0.77602290716287
-0.7843020784107378
-0.792770545644278
-0.8013876853447538
-0.810111184448409
-0.8188971754564368
-0.8277003784960947
-0.8364742498352554
-0.8451711363268649
-0.8537424352360141
-0.8621387588804335
-0.8703101034955384
-0.87820602171757
-0.885775798063077
-0.8929686267699538
-0.8997337913546226
-0.9060208452316478
-0.9117797927362583
-0.9169612698868917
-0.9215167242239042
-0.9253985930622354
-0.9285604794997789
-0.9309573255297628
-0.9325455816143357
-0.933283372087924
-0.9331306557726047
-0.932049381203793
-0.9300036358827927
-0.9269597889932573
-0.9228866270412142
-0.9177554819028952
-0.9115403507912592
-0.9042180076804602
-0.895768105757745
-0.8861732705040306
-0.8754191830377764
-0.8634946533914494
-0.8503916834259142
-0.8361055191251625
-0.8206346920519334
-0.8039810497837654
-0.7861497751886606
-0.76714939443986
-0.7469917737098144
-0.7256921045244453
-0.7032688777997601
-0.679743846623952
-0.6551419778888746
-0.6294913929152796
-0.602823297256182
-0.5751718999020153
-0.5465743221498393
-0.5170704964364081
-0.48670305547152753
-0.45551721204337237
-0.42356062990152715
-0.3908832861559534
-0.3575373256611149
-0.3235769078836652
-0.28905804677958064
-0.25403844423213906
-0.2185773176256215
-0.18273522215110272
-0.1465738684598592
-0.1101559362970164
-0.07354488476264526
-0.03680475985994903
-7.347880794884119E-16
