0.5645210150999811
0.8836020612124161
0.9056372687161857
0.783888785498933
0.7098989657969731
0.7469257102322808
0.8189225468380621
0.8335235556373558
0.7871154496199029
0.747720653272634
0.7613635731758861
0.8023032031501128
0.8161655930638474
0.789891363503091
0.761461299842469
0.7664688427567381
0.7946569925316674
0.8081169970247969
0.7915117666760566
0.7687954783056855
0.7692473651216081
0.7901825493092713
0.8032546528020486
0.7924958886628075
0.7735050887059582
0.7711413278710044
0.7872098910198351
0.7998501656469194
0.7930940721961616
0.7768743578428168
0.7726237535399956
0.7850839760606908
0.797233470335621
0.7934312346647932
0.7794559744842439
0.7738917159261414
0.7834967302285035
0.7950932343306912
0.7935759592884097
0.781525217845839
0.7750397785936779
0.7822846573642729
0.7932670630735097
0.7935694380118999
0.7832334391109288
0.7761173158189054
0.7813530526379312
0.7916634147490884
0.7934385210890362
0.7846699568025595
0.7771512215610249
0.780643191123823
0.7902279190197384
0.7932020998627394
0.7858903476737137
0.778156148217998
0.7801165272417203
0.7889271885678133
0.7928744546543088
0.7869306535148756
0.7791395991554114
0.7797464390155607
0.7877403611469097
0.7924671139001161
0.7878150603069316
0.780104667741853
0.7795136271275809
0.7866543753207058
0.7919899344765606
0.7885603025852453
0.7810516095216387
0.7794034140319703
0.785661182331735
0.7914517515979647
0.7891783158371207
0.7819787966875884
0.7794040900371295
0.7847560224139684
0.7908607793547
0.789677900106588
0.7828833272048634
0.77950586523317
0.783936315892602
0.790224860810509
0.7900657995248583
0.7837614315808283
0.7797001870368582
0.7832009248260854
0.789551624125266
0.7903474228838753
0.7846087560089202
0.7799792866058662
0.7825496465959535
0.788848578235071
0.7905273356915532
0.7854205669789938
0.7803358732234634
0.7819828578144491
0.7881231687461526
0.7906096020085068
0.7861919040303764
0.7807629271354766
0.7815012589171079
0.7873828072284584
0.7905980245419041
0.7869176968287878
0.7812535595810866
0.7811056884417686
0.7866348826394634
0.7904963138316258
0.7875928565424416
0.7818009197124214
0.7807969872079457
0.7858867608959498
0.7903082066124726
0.7882123476871046
0.7823981348439495
0.7805758995686947
0.7851457769417219
0.7900375467007308
0.7887712441811676
0.7830382747208076
0.7804430033623316
0.7844192226390093
0.7896883374206917
0.7892647717219036
0.7837143332172756
0.7803986631477527
0.7837143332172762
0.7892647717219036
0.7896883374206909
0.7844192226390074
0.7804430033623289
0.7830382747208054
0.7887712441811653
0.7900375467007286
0.7851457769417203
0.7805758995686939
0.7823981348439494
0.7882123476871047
0.7903082066124721
0.7858867608959496
0.7807969872079457
0.781800919712422
0.7875928565424419
0.7904963138316248
0.7866348826394636
0.7811056884417683
0.7812535595810871
0.786917696828789
0.7905980245419048
0.7873828072284585
0.7815012589171083
0.7807629271354777
0.786191904030378
0.7906096020085084
0.7881231687461523
0.7819828578144469
0.7803358732234639
0.7854205669789943
0.7905273356915549
0.788848578235072
0.7825496465959539
0.7799792866058654
0.7846087560089198
0.7903474228838753
0.7895516241252671
0.7832009248260867
0.779700187036857
0.783761431580828
0.7900657995248578
0.7902248608105088
0.7839363158926025
0.7795058652331708
0.7828833272048633
0.7896779001065861
0.7908607793546988
0.7847560224139689
0.7794040900371295
0.7819787966875884
0.7891783158371196
0.7914517515979642
0.7856611823317341
0.779403414031971
0.7810516095216402
0.788560302585247
0.7919899344765611
0.7866543753207043
0.7795136271275797
0.780104667741851
0.7878150603069302
0.7924671139001166
0.7877403611469111
0.7797464390155606
0.7791395991554134
0.7869306535148761
0.7928744546543093
0.7889271885678129
0.7801165272417194
0.7781561482179968
0.7858903476737132
0.7932020998627415
0.790227919019739
0.7806431911238242
0.7771512215610251
0.78466995680256
0.7934385210890377
0.7916634147490883
0.7813530526379308
0.7761173158189056
0.7832334391109278
0.7935694380118993
0.7932670630735105
0.7822846573642728
0.7750397785936779
0.7815252178458397
0.7935759592884102
0.7950932343306917
0.7834967302285051
0.7738917159261405
0.7794559744842436
0.7934312346647917
0.797233470335621
0.7850839760606908
0.7726237535399939
0.7768743578428163
0.7930940721961632
0.7998501656469197
0.7872098910198367
0.7711413278710038
0.7735050887059581
0.7924958886628081
0.8032546528020484
0.7901825493092718
0.7692473651216082
0.768795478305685
0.7915117666760566
0.8081169970247967
0.7946569925316692
0.7664688427567384
0.7614612998424688
0.7898913635030894
0.8161655930638487
0.8023032031501127
0.7613635731758861
0.7477206532726356
0.7871154496199011
0.8335235556373569
0.8189225468380622
0.7469257102322814
0.7098989657969706
0.7838887854989323
0.9056372687161849
0.8836020612124184
0.5645210150999861
6.301946160199127E-15
-0.5645210150999763
-0.8836020612124141
-0.9056372687161856
-0.7838887854989336
-0.7098989657969719
-0.7469257102322803
-0.8189225468380614
-0.8335235556373565
-0.7871154496199027
-0.7477206532726364
-0.7613635731758844
-0.8023032031501112
-0.8161655930638483
-0.7898913635030902
-0.7614612998424687
-0.7664688427567378
-0.7946569925316687
-0.8081169970247978
-0.7915117666760584
-0.768795478305687
-0.7692473651216074
-0.7901825493092719
-0.8032546528020482
-0.7924958886628087
-0.7735050887059585
-0.7711413278710038
-0.7872098910198339
-0.7998501656469205
-0.7930940721961612
-0.7768743578428172
-0.7726237535399965
-0.7850839760606926
-0.7972334703356211
-0.7934312346647917
-0.7794559744842452
-0.7738917159261413
-0.7834967302285042
-0.7950932343306909
-0.7935759592884092
-0.781525217845839
-0.7750397785936773
-0.7822846573642744
-0.7932670630735105
-0.7935694380118996
-0.783233439110928
-0.7761173158189056
-0.7813530526379294
-0.7916634147490864
-0.7934385210890363
-0.7846699568025594
-0.7771512215610232
-0.7806431911238216
-0.7902279190197375
-0.7932020998627392
-0.7858903476737139
-0.7781561482180002
-0.7801165272417208
-0.7889271885678156
-0.7928744546543098
-0.7869306535148752
-0.7791395991554108
-0.779746439015558
-0.7877403611469094
-0.7924671139001157
-0.7878150603069315
-0.7801046677418536
-0.7795136271275835
-0.7866543753207061
-0.7919899344765617
-0.7885603025852448
-0.7810516095216381
-0.7794034140319694
-0.7856611823317345
-0.7914517515979654
-0.7891783158371233
-0.7819787966875895
-0.779404090037129
-0.7847560224139686
-0.7908607793547032
-0.7896779001065894
-0.7828833272048668
-0.7795058652331696
-0.7839363158925992
-0.7902248608105085
-0.7900657995248577
-0.7837614315808284
-0.7797001870368593
-0.783200924826083
-0.789551624125265
-0.7903474228838744
-0.7846087560089205
-0.7799792866058677
-0.7825496465959565
-0.7888485782350692
-0.7905273356915511
-0.7854205669789931
-0.7803358732234634
-0.7819828578144499
-0.7881231687461507
-0.790609602008505
-0.7861919040303745
-0.7807629271354762
-0.7815012589171096
-0.7873828072284572
-0.7905980245419046
-0.7869176968287852
-0.7812535595810848
-0.7811056884417715
-0.7866348826394639
-0.7904963138316271
-0.7875928565424409
-0.7818009197124238
-0.7807969872079439
-0.7858867608959502
-0.790308206612473
-0.7882123476871047
-0.7823981348439477
-0.7805758995686971
-0.785145776941725
-0.7900375467007329
-0.7887712441811684
-0.78303827472081
-0.7804430033623332
-0.7844192226390126
-0.789688337420692
-0.7892647717219017
-0.783714333217276
-0.7803986631477527
-0.7837143332172752
-0.7892647717219037
-0.7896883374206894
-0.784419222639006
-0.7804430033623247
-0.7830382747208025
-0.7887712441811624
-0.790037546700727
-0.7851457769417187
-0.7805758995686934
-0.7823981348439468
-0.7882123476871046
-0.790308206612474
-0.7858867608959508
-0.780796987207946
-0.7818009197124229
-0.7875928565424425
-0.7904963138316266
-0.7866348826394622
-0.7811056884417688
-0.7812535595810878
-0.78691769682879
-0.7905980245419088
-0.7873828072284592
-0.7815012589171103
-0.7807629271354765
-0.7861919040303811
-0.7906096020085088
-0.7881231687461527
-0.7819828578144483
-0.7803358732234617
-0.785420566978994
-0.7905273356915561
-0.7888485782350723
-0.7825496465959565
-0.7799792866058654
-0.7846087560089201
-0.7903474228838765
-0.7895516241252676
-0.7832009248260875
-0.7797001870368551
-0.7837614315808259
-0.7900657995248567
-0.7902248608105111
-0.7839363158926024
-0.7795058652331684
-0.7828833272048616
-0.7896779001065837
-0.7908607793546999
-0.7847560224139689
-0.7794040900371296
-0.7819787966875882
-0.7891783158371218
-0.7914517515979619
-0.7856611823317344
-0.7794034140319728
-0.7810516095216421
-0.788560302585247
-0.7919899344765616
-0.7866543753207021
-0.7795136271275768
-0.7801046677418491
-0.7878150603069303
-0.7924671139001178
-0.7877403611469127
-0.779746439015562
-0.779139599155414
-0.7869306535148761
-0.7928744546543076
-0.7889271885678104
-0.7801165272417164
-0.7781561482179961
-0.7858903476737126
-0.793202099862742
-0.7902279190197394
-0.7806431911238233
-0.7771512215610251
-0.7846699568025618
-0.7934385210890383
-0.7916634147490851
-0.7813530526379331
-0.7761173158189034
-0.7832334391109249
-0.7935694380119003
-0.7932670630735109
-0.7822846573642754
-0.7750397785936772
-0.7815252178458415
-0.7935759592884121
-0.7950932343306902
-0.783496730228503
-0.773891715926142
-0.7794559744842431
-0.7934312346647956
-0.7972334703356218
-0.7850839760606898
-0.7726237535399967
-0.7768743578428131
-0.7930940721961579
-0.7998501656469217
-0.7872098910198354
-0.7711413278710025
-0.7735050887059559
-0.7924958886628077
-0.803254652802052
-0.7901825493092721
-0.7692473651216052
-0.7687954783056818
-0.7915117666760539
-0.8081169970247951
-0.7946569925316653
-0.7664688427567395
-0.761461299842469
-0.7898913635030929
-0.8161655930638473
-0.8023032031501164
-0.7613635731758858
-0.7477206532726373
-0.7871154496199007
-0.8335235556373544
-0.818922546838061
-0.746925710232281
-0.7098989657969761
-0.7838887854989305
-0.9056372687161859
-0.883602061212421
-0.5645210150999909
-1.2603892320398254E-14
