0
65535.99999999926
0
7281.777777777721
0
2621.439999999974
0
1337.4693877550926
0
809.0864197530781
0
541.619834710741
0
387.78698224851627
0
291.2711111111104
0
226.76816608996288
0
181.54016620498487
0
148.60770975056576
0
123.8865784499046
0
104.8575999999987
0
89.89849108367538
0
77.92627824018993
0
68.1956295525489
0
60.17998163452632
0
53.498775510203686
0
47.87143900657346
0
43.087442472057454
0
38.98631766805457
0
35.444023796646775
0
32.36345679012328
0
29.667722951561473
0
27.295293627654676
0
25.1964628988853
0
23.330722677109282
0
21.664793388429526
0
20.171129578331552
0
18.826773915541434
0
17.612469766191857
0
16.511967750062848
0
15.511479289940672
0
14.599242593005226
0
13.765175383322779
0
13.000595120015848
0
12.297992118596296
0
11.65084444444455
0
11.053466014505034
0
10.50088126902738
0
9.988721231519461
0
9.513136884888837
0
9.070726643598528
0
8.658475360021106
0
8.273702815301109
0
7.914020045888219
0
7.577292172505498
0
7.261606648199618
0
6.965246041024682
0
6.686664626058734
0
0
0
0
0
0
0
0
0
0
0
0
0
0
0
0
0
0
0
0
0
0
0
0
0
0
0
0
0
0
0
0
0
0
0
0
0
0
0
0
0
0
0
0
0
0
0
0
0
0
0
0
0
0
0
0
0
0
0
0
0
0
0
0
0
0
0
0
0
0
0
0
0
0
0
0
0
0
0
0
0
0
0
0
0
0
0
0
0
0
0
0
0
0
0
0
0
0
0
0
0
0
0
0
0
0
0
0
0
0
0
0
0
0
0
0
0
0
0
0
0
0
0
0
0
0
0
0
0
0
0
0
0
0
0
0
0
0
0
0
0
0
0
0
0
0
0
0
0
0
0
0
0
0
0
0
0
0
0
0
0
0
0
0
0
0
0
0
0
0
0
0
0
0
0
0
0
0
0
0
0
0
0
0
0
0
0
0
0
0
0
0
0
0
0
0
0
0
0
0
0
0
0
0
0
0
0
0
0
0
0
0
0
0
0
0
0
0
0
0
0
0
0
0
0
0
0
0
0
0
0
0
0
0
0
0
0
0
0
0
0
0
0
0
0
0
0
0
0
0
0
0
0
0
0
0
0
0
0
0
0
0
0
0
0
0
0
0
0
0
0
0
0
0
0
0
0
0
0
0
0
0
0
0
0
0
0
0
0
0
0
0
0
0
0
0
0
0
0
0
0
0
0
0
0
0
0
0
0
0
0
0
0
6.686664626058698
0
6.9652460410247174
0
7.261606648199601
0
7.577292172505471
0
7.914020045888189
0
8.27370281530116
0
8.658475360021106
0
9.070726643598562
0
9.513136884888844
0
9.988721231519616
0
10.500881269027333
0
11.053466014505071
0
11.650844444444509
0
12.297992118596337
0
13.000595120015841
0
13.765175383322875
0
14.599242593005245
0
15.51147928994069
0
16.511967750062777
0
17.612469766191893
0
18.826773915541395
0
20.171129578331673
0
21.664793388429533
0
23.330722677109403
0
25.196462898885336
0
27.295293627654953
0
29.667722951561412
0
32.36345679012335
0
35.444023796646675
0
38.98631766805471
0
43.087442472057354
0
47.871439006573596
0
53.49877551020357
0
60.17998163452669
0
68.1956295525486
0
77.92627824019003
0
89.89849108367518
0
104.85759999999898
0
123.8865784499039
0
148.6077097505664
0
181.54016620498493
0
226.76816608996492
0
291.27111111110867
0
387.78698224851684
0
541.6198347107384
0
809.08641975308
0
1337.469387755089
0
2621.439999999984
0
7281.777777777706
0
65535.99999999962
