0.774023904
0.768047809
0.762071713
0.756095618
0.750119522
0.744143426
0.738167331
0.732191235
0.726215139
0.720239044
0.714262948
0.708286853
0.702310757
0.696334661
0.690358566
0.68438247
0.678406375
0.672430279
0.666454183
0.660478088
0.654501992
0.648525896
0.642549801
0.636573705
0.63059761
0.624621514
0.618645418
0.612669323
0.606693227
0.600717131
0.594741036
0.58876494
0.582788845
0.576812749
0.570836653
0.564860558
0.558884462
0.552908367
0.546932271
0.540956175
0.53498008
0.529003984
0.523027888
0.517051793
0.511075697
0.505099602
0.499123506
0.49314741
0.487171315
0.481195219
0.475219124
0.469243028
0.463266932
0.457290837
0.451314741
0.445338645
0.43936255
0.433386454
0.427410359
0.421434263
0.415458167
0.409482072
0.403505976
0.39752988
0.391553785
0.385577689
0.379601594
0.373625498
0.367649402
0.361673307
0.355697211
0.349721116
0.34374502
0.337768924
0.331792829
0.325816733
0.319840637
0.313864542
0.307888446
0.301912351
0.295936255
0.289960159
0.283984064
0.278007968
0.272031873
0.266055777
0.260079681
0.254103586
0.24812749
0.242151394
0.236175299
0.230199203
0.224223108
0.218247012
0.212270916
0.206294821
0.200318725
0.194342629
0.188366534
0.182390438
0.176414343
0.170438247
0.164462151
0.158486056
0.15250996
0.146533865
0.140557769
0.134581673
0.128605578
0.122629482
0.116653386
0.110677291
0.104701195
0.0987251
0.092749004
0.086772908
0.080796813
0.074820717
0.068844622
0.062868526
0.05689243
0.050916335
0.044940239
0.038964143
0.032988048
0.027011952
0.021035857
0.015059761
0.009083665
0.00310757
-0.002868526
-0.008844622
-0.014820717
-0.020796813
-0.026772908
-0.032749004
-0.0387251
-0.044701195
-0.050677291
-0.056653386
-0.062629482
-0.068605578
-0.074581673
-0.080557769
-0.086533865
-0.09250996
-0.098486056
-0.104462151
-0.110438247
-0.116414343
-0.122390438
-0.128366534
-0.134342629
-0.140318725
-0.146294821
-0.152270916
-0.158247012
-0.164223108
-0.170199203
-0.176175299
-0.182151394
-0.18812749
-0.194103586
-0.200079681
-0.206055777
-0.212031873
-0.218007968
-0.223984064
-0.229960159
-0.235936255
-0.241912351
-0.247888446
-0.253864542
-0.259840637
-0.265816733
-0.271792829
-0.277768924
-0.28374502
-0.289721116
-0.295697211
-0.301673307
-0.307649402
-0.313625498
-0.319601594
-0.325577689
-0.331553785
-0.33752988
-0.343505976
-0.349482072
-0.355458167
-0.361434263
-0.367410359
-0.373386454
-0.37936255
-0.385338645
-0.391314741
-0.397290837
-0.403266932
-0.409243028
-0.415219124
-0.421195219
-0.427171315
-0.43314741
-0.439123506
-0.445099602
-0.451075697
-0.457051793
-0.463027888
-0.469003984
-0.47498008
-0.480956175
-0.486932271
-0.492908367
-0.498884462
-0.504860558
-0.510836653
-0.516812749
-0.522788845
-0.52876494
-0.534741036
-0.540717131
-0.546693227
-0.552669323
-0.558645418
-0.564621514
-0.57059761
-0.576573705
-0.582549801
-0.588525896
-0.594501992
-0.600478088
-0.606454183
-0.612430279
-0.618406375
-0.62438247
-0.630358566
-0.636334661
-0.642310757
-0.648286853
-0.654262948
-0.660239044
-0.666215139
-0.672191235
-0.678167331
-0.684143426
-0.690119522
-0.696095618
-0.702071713
-0.708047809
-0.714023904
-0.72
-0.725976096
-0.731952191
-0.737928287
-0.743904382
0.774023904
0.768047809
0.762071713
0.756095618
0.750119522
0.744143426
0.738167331
0.732191235
0.726215139
0.720239044
0.714262948
0.708286853
0.702310757
0.696334661
0.690358566
0.68438247
0.678406375
0.672430279
0.666454183
0.660478088
0.654501992
0.648525896
0.642549801
0.636573705
0.63059761
0.624621514
0.618645418
0.612669323
0.606693227
0.600717131
0.594741036
0.58876494
0.582788845
0.576812749
0.570836653
0.564860558
0.558884462
0.552908367
0.546932271
0.540956175
0.53498008
0.529003984
0.523027888
0.517051793
0.511075697
0.505099602
0.499123506
0.49314741
0.487171315
0.481195219
0.475219124
0.469243028
0.463266932
0.457290837
0.451314741
0.445338645
0.43936255
0.433386454
0.427410359
0.421434263
0.415458167
0.409482072
0.403505976
0.39752988
0.391553785
0.385577689
0.379601594
0.373625498
0.367649402
0.361673307
0.355697211
0.349721116
0.34374502
0.337768924
0.331792829
0.325816733
0.319840637
0.313864542
0.307888446
0.301912351
0.295936255
0.289960159
0.283984064
0.278007968
0.272031873
0.266055777
0.260079681
0.254103586
0.24812749
0.242151394
0.236175299
0.230199203
0.224223108
0.218247012
0.212270916
0.206294821
0.200318725
0.194342629
0.188366534
0.182390438
0.176414343
0.170438247
0.164462151
0.158486056
0.15250996
0.146533865
0.140557769
0.134581673
0.128605578
0.122629482
0.116653386
0.110677291
0.104701195
0.0987251
0.092749004
0.086772908
0.080796813
0.074820717
0.068844622
0.062868526
0.05689243
0.050916335
0.044940239
0.038964143
0.032988048
0.027011952
0.021035857
0.015059761
0.009083665
0.00310757
-0.002868526
-0.008844622
-0.014820717
-0.020796813
-0.026772908
-0.032749004
-0.0387251
-0.044701195
-0.050677291
-0.056653386
-0.062629482
-0.068605578
-0.074581673
-0.080557769
-0.086533865
-0.09250996
-0.098486056
-0.104462151
-0.110438247
-0.116414343
-0.122390438
-0.128366534
-0.134342629
-0.140318725
-0.146294821
-0.152270916
-0.158247012
-0.164223108
-0.170199203
-0.176175299
-0.182151394
-0.18812749
-0.194103586
-0.200079681
-0.206055777
-0.212031873
-0.218007968
-0.223984064
-0.229960159
-0.235936255
-0.241912351
-0.247888446
-0.253864542
-0.259840637
-0.265816733
-0.271792829
-0.277768924
-0.28374502
-0.289721116
-0.295697211
-0.301673307
-0.307649402
-0.313625498
-0.319601594
-0.325577689
-0.331553785
-0.33752988
-0.343505976
-0.349482072
-0.355458167
-0.361434263
-0.367410359
-0.373386454
-0.37936255
-0.385338645
-0.391314741
-0.397290837
-0.403266932
-0.409243028
-0.415219124
-0.421195219
-0.427171315
-0.43314741
-0.439123506
-0.445099602
-0.451075697
-0.457051793
-0.463027888
-0.469003984
-0.47498008
-0.480956175
-0.486932271
-0.492908367
-0.498884462
-0.504860558
-0.510836653
-0.516812749
-0.522788845
-0.52876494
-0.534741036
-0.540717131
-0.546693227
-0.552669323
-0.558645418
-0.564621514
-0.57059761
-0.576573705
-0.582549801
-0.588525896
-0.594501992
-0.600478088
-0.606454183
-0.612430279
-0.618406375
-0.62438247
-0.630358566
-0.636334661
-0.642310757
-0.648286853
-0.654262948
-0.660239044
-0.666215139
-0.672191235
-0.678167331
-0.684143426
-0.690119522
-0.696095618
-0.702071713
-0.708047809
-0.714023904
-0.72
-0.725976096
-0.731952191
-0.737928287
-0.743904382
-0.749880478
0.774023904