59.361192673991646
0.9485590042719815
15542.342765605646
0.10537428202352653
3886.1572258344963
0.03791950562079319
1727.604452574752
0.019335028164845378
972.111105390842
0.011687097040308077
622.425748786133
0.007815729082848517
432.47335327844814
0.005589122064357132
317.9381999646273
0.004192134576590181
243.6006346620836
0.003258510272504458
192.6352034930654
0.002603876501691967
156.1800919928596
0.002127211921216573
129.20759659548932
0.0017694006381837675
108.69296840608997
0.0014939795883652316
92.72793240416085
0.001277467482084413
80.06033545428727
0.0011041891342952292
69.84093676881993
9.633563342860348E-4
61.47728110123594
8.473476866377765E-4
54.545862940544744
7.506547717864987E-4
48.73744334281563
6.692165491366961E-4
43.821955569007635
5.999857710221236E-4
39.62537053001973
5.406397887051103E-4
36.014081424059
4.89383212571376E-4
32.88413886338393
4.448105562173243E-4
30.153687904437632
4.0580879653129043E-4
27.757563405885147
3.71487414878448E-4
25.643366706824757
3.4112694086930415E-4
23.76857805298573
3.14141057140389E-4
22.098402994515737
2.9004807310660757E-4
20.604147326668492
2.684492943938397E-4
19.261977293819243
2.490124281066331E-4
18.05196409317891
2.314588463223814E-4
16.957340631469474
2.1555318730129112E-4
15.963918037879209
2.0109599530036072E-4
15.059624312826976
1.8791701332972115E-4
14.234136297768316
1.758703134506471E-4
13.478584267568241
1.6483022841053016E-4
12.785313128632106
1.5468806207953525E-4
12.147688183695447
1.4534921788251438E-4
11.559935951894337
1.3673215932775968E-4
11.01701416830742
1.2876400155956163E-4
10.514502356573406
1.2138186873221782E-4
10.048512844815345
1.1453004535439671E-4
9.615615253472322
1.0815930322728248E-4
9.212773482531166
1.0222600809631068E-4
8.837292571690911
0
8.486773704011023
0
8.159076181722108
0
7.852284447481125
0
7.564680667111961
0
7.294720537252999
0
7.041012732589658
0
6.802301089665209
0
6.577449170152279
0
6.3654267756590075
0
6.16529848759762
0
5.976213063317734
0
5.797394794575216
0
5.628135517393746
0
5.467787704044896
0
5.315758351744402
0
5.171503515664284
0
5.0345239618715825
0
4.904359858178848
0
4.780588229044588
0
4.662818848539928
0
4.550691419195142
0
4.44387286973584
0
4.342054939931708
0
4.244951994009766
0
4.152299141518739
0
4.063850362653938
0
3.979377025931438
0
3.898666415160539
0
3.8215204413281665
0
3.747754470384243
0
3.677196261056181
0
3.609684988346029
0
3.5450703911277968
0
3.483211940151184
0
3.423978128399096
0
3.367245799892943
0
3.312899541596614
0
3.2608311265982928
0
3.210939017033657
0
3.1631278458311365
0
3.11730807803281
0
3.0733955372829986
0
3.0313110788868123
0
2.990980251330141
0
2.9523329893917754
0
2.915303328191239
0
2.8798291709948964
0
2.845851973808741
0
2.8133166182101546
0
2.782171144870152
0
2.7523665816396576
0
2.723856767110486
0
2.696598190315105
0
2.67054972023017
0
2.645672989964281
0
2.6219313072871997
0
2.5992904224208333
0
2.5777180110578852
0
2.557183641196587
0
2.5376586787170705
0
2.5191161966111206
0
2.5015309140390087
0
2.484879061186941
0
2.469138386371423
0
2.454288038432048
0
2.4403085223123044
0
2.4271816419702517
0
2.4148904487086202
0
2.4034191882965885
0
2.392753281830148
0
2.3828792383848083
0
2.3737846635854405
0
2.36545820435797
0
2.357889522465321
0
2.3510692669318796
0
2.3449890485933422
0
2.339641425114296
0
2.335019860728397
0
2.331118737710717
0
2.3279333218503107
0
2.3254597566851727
0
2.32369505301095
0
2.3226370811505106
0
2.3222845654788045
0
2.322637081150521
0
2.3236950530109493
0
2.3254597566851865
0
2.327933321850317
0
2.3311187377107307
0
2.335019860728411
0
2.339641425114314
0
2.3449890485933444
0
2.351069266931869
0
2.357889522465317
0
2.365458204357968
0
2.373784663585434
0
2.3828792383848056
0
2.3927532818301525
0
2.4034191882966156
0
2.4148904487086202
0
2.427181641970244
0
2.4403085223123053
0
2.4542880384320447
0
2.4691383863714242
0
2.4848790611869314
0
2.501530914039023
0
2.5191161966111517
0
2.5376586787170727
0
2.557183641196573
0
2.5777180110578786
0
2.599290422420839
0
2.621931307287194
0
2.6456729899642943
0
2.6705497202301847
0
2.696598190315125
0
2.723856767110487
0
2.7523665816396403
0
2.78217114487014
0
2.8133166182101523
0
2.8458519738087396
0
2.8798291709948964
0
2.9153033281912566
0
2.952332989391803
0
2.9909802513301407
0
3.0313110788867994
0
3.0733955372829893
0
3.1173080780328117
0
3.1631278458311294
0
3.2109390170336494
0
3.260831126598299
0
3.312899541596662
0
3.367245799892944
0
3.4239781283990873
0
3.4832119401511705
0
3.545070391127787
0
3.6096849883460234
0
3.6771962610561975
0
3.7477544703842596
0
3.8215204413282136
0
3.898666415160538
0
3.9793770259314387
0
4.063850362653931
0
4.152299141518741
0
4.244951994009766
0
4.342054939931706
0
4.4438728697358565
0
4.550691419195176
0
4.662818848539928
0
4.7805882290445725
0
4.90435985817884
0
5.034523961871584
0
5.171503515664292
0
5.315758351744413
0
5.467787704044924
0
5.628135517393815
0
5.79739479457521
0
5.976213063317729
0
6.165298487597609
0
6.365426775659012
0
6.577449170152263
0
6.802301089665214
0
7.041012732589652
0
7.294720537253011
0
7.564680667111956
0
7.8522844474810976
0
8.159076181722101
0
8.486773704011028
0
8.837292571690915
1.0222600809631026E-4
9.212773482531183
1.0815930322728367E-4
9.615615253472358
1.1453004535439667E-4
10.048512844815436
1.2138186873221988E-4
10.514502356573411
1.287640015595617E-4
11.017014168307417
1.3673215932775992E-4
11.559935951894325
1.4534921788251384E-4
12.147688183695458
1.5468806207953598E-4
12.785313128632085
1.6483022841053008E-4
13.4785842675683
1.7587031345064785E-4
14.234136297768321
1.879170133297209E-4
15.059624312826957
2.0109599530036067E-4
15.963918037879205
2.1555318730129215E-4
16.957340631469403
2.3145884632238097E-4
18.05196409317892
2.490124281066329E-4
19.2619772938193
2.684492943938416E-4
20.604147326668492
2.900480731066079E-4
22.098402994515787
3.141410571403905E-4
23.76857805298582
3.4112694086930453E-4
25.643366706824956
3.714874148784511E-4
27.757563405885147
4.05808796531289E-4
30.153687904437643
4.4481055621732607E-4
32.88413886338389
4.893832125713746E-4
36.01408142405901
5.406397887051124E-4
39.62537053001973
5.999857710221224E-4
43.82195556900761
6.692165491366986E-4
48.73744334281569
7.506547717864991E-4
54.545862940544986
8.473476866377824E-4
61.47728110123595
9.633563342860294E-4
69.84093676881993
0.001104189134295232
80.06033545428717
0.0012774674820844086
92.72793240416088
0.0014939795883652386
108.69296840608997
0.00176940063818376
129.20759659548935
0.0021272119212165813
156.1800919928599
0.002603876501691966
192.6352034930662
0.0032585102725044856
243.60063466208354
0.00419213457659016
317.93819996462696
0.005589122064357142
432.47335327844723
0.007815729082848482
622.425748786133
0.01168709704030811
972.1111053908411
0.019335028164845326
1727.604452574751
0.03791950562079336
3886.157225834498
0.10537428202352632
15542.342765605661
0.9485590042719865
