0.12224505176619468
0.24167207240237232
0.355574087049459
0.4614610379955531
0.5571555186426089
0.6408739627508305
0.7112896073292142
0.7675744670735679
0.8094186123721684
0.8370261758702067
0.8510886647509471
0.8527372669252801
0.8434768514946954
0.8251052251549391
0.7996218731291195
0.7691308530513478
0.7357427027482933
0.7014801613513766
0.668192194602869
0.6374802797822872
0.6106401755190844
0.5886215190800321
0.5720066083608667
0.5610086924073447
0.5554890692100205
0.5549913277356564
0.5587902232458123
0.5659519843437844
0.5754023508862187
0.5859983567263115
0.5965998107926416
0.6061365921773523
0.613668245321497
0.6184329143619874
0.6198833559102559
0.617708574145669
0.6118404833704263
0.6024458711893138
0.5899047610781104
0.5747770106294912
0.5577595916002821
0.5396374486042834
0.521231103305143
0.5033442495429699
0.4867144725306122
0.4719699336518386
0.4595944131807622
0.44990252677878056
0.44302626499229597
0.4389132896744207
0.4373367006961461
0.4379153032301328
0.4401427998423646
0.4434238367318398
0.4471144764877904
0.4505644686733399
0.45315865269973415
0.4543549531469782
0.45371670454369
0.4509374504426018
0.4458568727681338
0.4384670885639789
0.42890916557729597
0.4174603174603175
0.4045128066817732
0.3905460747238567
0.3760940062584366
0.3617094951072739
0.3479286013435705
0.3352365661108826
0.32403778776508263
0.31463157245108886
0.30719507448324873
0.30177436342999076
0.2982840266601037
0.2965151718943206
0.29615116807933695
0.2967899870730956
0.2979716119947334
0.2992086841064036
0.30001838550393783
0.2999535087945294
0.298630748317705
0.295754453242169
0.29113439644538586
0.284696513333032
0.2764860254286282
0.26666285496784214
0.2554897276215139
0.24331382000851712
0.23054320832844025
0.21761968980213867
0.20498976076577544
0.1930756320048173
0.1822481383906273
0.17280325884401898
0.16494371420102366
0.15876677145234988
0.15425897536940764
0.15129807911434565
0.1496619828664635
0.1490440431728805
0.14907371377240924
0.1493411461524214
0.1494241356086519
0.1489156607853295
0.1474502395607859
0.14472741252247975
0.1405308607787587
0.13474195438372483
0.127346892239402
0.11843701037897081
0.10820227629142645
0.09691842426072629
0.08492859275688128
0.0726206740371877
0.06040185631887246
0.04867201328926326
0.03779766358545096
0.028088180258042925
0.019775780211932242
0.013000576077112198
0.007801643953854409
0.0041146711810432154
0.0017763236576298566
5.350394629137813E-4
6.754220185950684E-5
0.0
-6.754220185950684E-5
-5.350394629137709E-4
-0.0017763236576298636
-0.004114671181043139
-0.0078016439538543605
-0.01300057607711215
-0.019775780211932284
-0.02808818025804285
-0.037797663585450655
-0.04867201328926333
-0.06040185631887232
-0.07262067403718733
-0.0849285927568812
-0.09691842426072621
-0.10820227629142648
-0.11843701037897067
-0.12734689223940193
-0.13474195438372458
-0.14053086077875876
-0.14472741252247986
-0.1474502395607855
-0.14891566078532953
-0.14942413560865225
-0.14934114615242122
-0.14907371377240924
-0.14904404317288
-0.14966198286646346
-0.1512980791143459
-0.15425897536940747
-0.15876677145234963
-0.16494371420102372
-0.17280325884401898
-0.1822481383906273
-0.1930756320048172
-0.20498976076577527
-0.21761968980213822
-0.2305432083284397
-0.24331382000851778
-0.25548972762151395
-0.2666628549678418
-0.27648602542862843
-0.2846965133330317
-0.2911343964453854
-0.2957544532421687
-0.29863074831770536
-0.29995350879452914
-0.30001838550393733
-0.2992086841064031
-0.29797161199473404
-0.29678998707309573
-0.2961511680793369
-0.2965151718943206
-0.29828402666010373
-0.3017743634299908
-0.30719507448324895
-0.3146315724510886
-0.3240377877650823
-0.3352365661108825
-0.3479286013435709
-0.36170949510727346
-0.37609400625843625
-0.3905460747238566
-0.4045128066817728
-0.41746031746031725
-0.42890916557729597
-0.4384670885639786
-0.44585687276813396
-0.45093745044260236
-0.4537167045436902
-0.45435495314697766
-0.4531586526997341
-0.4505644686733399
-0.44711447648779035
-0.44342383673183955
-0.4401427998423644
-0.4379153032301325
-0.4373367006961461
-0.4389132896744203
-0.44302626499229597
-0.4499025267787812
-0.45959441318076255
-0.47196993365183826
-0.48671447253061206
-0.5033442495429699
-0.5212311033051434
-0.5396374486042831
-0.5577595916002819
-0.5747770106294907
-0.5899047610781105
-0.6024458711893135
-0.6118404833704262
-0.6177085741456687
-0.6198833559102558
-0.6184329143619877
-0.613668245321497
-0.6061365921773524
-0.5965998107926421
-0.5859983567263115
-0.5754023508862188
-0.5659519843437845
-0.5587902232458128
-0.5549913277356565
-0.5554890692100202
-0.5610086924073445
-0.5720066083608666
-0.5886215190800317
-0.6106401755190841
-0.637480279782287
-0.6681921946028685
-0.7014801613513763
-0.735742702748293
-0.7691308530513475
-0.7996218731291187
-0.8251052251549389
-0.8434768514946953
-0.8527372669252802
-0.8510886647509472
-0.8370261758702069
-0.8094186123721686
-0.7675744670735689
-0.7112896073292155
-0.640873962750832
-0.5571555186426091
-0.461461037995553
-0.3555740870494588
-0.24167207240237365
-0.12224505176619557
-1.2246467991473533E-15
0.12224505176619316
0.24167207240237126
0.35557408704945653
0.46146103799555105
0.5571555186426074
0.6408739627508304
0.7112896073292141
0.767574467073568
0.8094186123721678
0.8370261758702064
0.851088664750947
0.8527372669252802
0.843476851494696
0.825105225154939
0.7996218731291193
0.7691308530513482
0.7357427027482938
0.7014801613513773
0.6681921946028693
0.6374802797822876
0.6106401755190847
0.5886215190800322
0.5720066083608667
0.5610086924073444
0.5554890692100201
0.5549913277356563
0.5587902232458126
0.5659519843437844
0.5754023508862186
0.5859983567263112
0.5965998107926418
0.6061365921773524
0.613668245321497
0.6184329143619878
0.6198833559102561
0.6177085741456684
0.6118404833704263
0.6024458711893139
0.5899047610781103
0.5747770106294914
0.5577595916002824
0.5396374486042836
0.5212311033051436
0.50334424954297
0.4867144725306123
0.4719699336518384
0.45959441318076283
0.44990252677878145
0.4430262649922963
0.4389132896744204
0.43733670069614544
0.437915303230133
0.44014279984236526
0.44342383673183966
0.4471144764877906
0.4505644686733395
0.4531586526997333
0.4543549531469781
0.45371670454369045
0.45093745044260225
0.44585687276813407
0.43846708856397915
0.42890916557729575
0.41746031746031775
0.4045128066817735
0.3905460747238567
0.37609400625843703
0.3617094951072743
0.3479286013435704
0.3352365661108827
0.32403778776508263
0.314631572451089
0.30719507448324895
0.3017743634299911
0.29828402666010373
0.29651517189432014
0.2961511680793367
0.2967899870730952
0.297971611994734
0.2992086841064038
0.30001838550393767
0.2999535087945283
0.2986307483177063
0.2957544532421692
0.291134396445387
0.2846965133330326
0.2764860254286268
0.2666628549678425
0.25548972762151373
0.24331382000851753
0.23054320832844008
0.21761968980213856
0.204989760765775
0.1930756320048177
0.18224813839062762
0.17280325884401943
0.16494371420102424
0.15876677145234977
0.15425897536940736
0.1512980791143452
0.14966198286646473
0.14904404317288053
0.14907371377240963
0.1493411461524218
0.14942413560865223
0.1489156607853288
0.14745023956078537
0.1447274125224793
0.1405308607787584
0.134741954383725
0.12734689223940202
0.11843701037897064
0.10820227629142634
0.09691842426072615
0.08492859275688222
0.07262067403718837
0.06040185631887285
0.048672013289263356
0.03779766358545069
0.028088180258043403
0.019775780211932215
0.01300057607711301
0.007801643953854152
0.004114671181043188
0.0017763236576291835
5.350394629137084E-4
6.7542201858636E-5
-5.639228061588096E-17
-6.754220185851284E-5
-5.350394629135627E-4
-0.0017763236576292668
-0.004114671181043729
-0.007801643953853507
-0.013000576077112476
-0.01977578021193223
-0.028088180258043313
-0.03779766358545024
-0.048672013289262836
-0.060401856318872696
-0.07262067403718789
-0.08492859275688143
-0.09691842426072622
-0.10820227629142518
-0.11843701037897122
-0.1273468922394021
-0.13474195438372458
-0.14053086077875798
-0.14472741252247961
-0.14745023956078532
-0.14891566078532864
-0.149424135608652
-0.14934114615242164
-0.14907371377240936
-0.14904404317288064
-0.14966198286646432
-0.15129807911434467
-0.15425897536940764
-0.15876677145234938
-0.16494371420102405
-0.17280325884401954
-0.1822481383906271
-0.19307563200481798
-0.2049897607657746
-0.21761968980213828
-0.2305432083284401
-0.24331382000851678
-0.2554897276215137
-0.26666285496784176
-0.2764860254286273
-0.2846965133330317
-0.2911343964453865
-0.2957544532421694
-0.2986307483177059
-0.29995350879452864
-0.300018385503938
-0.2992086841064035
-0.29797161199473426
-0.2967899870730952
-0.2961511680793368
-0.2965151718943194
-0.29828402666010384
-0.3017743634299909
-0.3071950744832481
-0.31463157245108875
-0.32403778776508235
-0.33523656611088204
-0.34792860134356995
-0.36170949510727407
-0.3760940062584371
-0.3905460747238565
-0.4045128066817732
-0.41746031746031736
-0.4289091655772954
-0.4384670885639797
-0.44585687276813296
-0.4509374504426013
-0.4537167045436898
-0.4543549531469784
-0.4531586526997333
-0.4505644686733391
-0.4471144764877903
-0.4434238367318405
-0.4401427998423646
-0.4379153032301339
-0.43733670069614594
-0.43891328967442084
-0.44302626499229547
-0.44990252677878084
-0.4595944131807623
-0.47196993365183787
-0.4867144725306114
-0.5033442495429699
-0.5212311033051418
-0.5396374486042836
-0.5577595916002819
-0.5747770106294906
-0.5899047610781101
-0.6024458711893137
-0.6118404833704258
-0.6177085741456684
-0.6198833559102557
-0.6184329143619879
-0.6136682453214972
-0.6061365921773528
-0.5965998107926418
-0.5859983567263117
-0.5754023508862198
-0.5659519843437848
-0.5587902232458122
-0.5549913277356556
-0.5554890692100202
-0.5610086924073445
-0.5720066083608665
-0.5886215190800317
-0.6106401755190841
-0.6374802797822864
-0.6681921946028686
-0.7014801613513763
-0.7357427027482932
-0.7691308530513468
-0.7996218731291189
-0.8251052251549388
-0.8434768514946955
-0.8527372669252807
-0.8510886647509472
-0.837026175870206
-0.8094186123721689
-0.7675744670735675
-0.7112896073292152
-0.6408739627508303
-0.5571555186426128
-0.4614610379955553
-0.35557408704946325
-0.24167207240237404
-0.12224505176619865
-2.4492935982947065E-15
