0.03679829344325522
0.07349320132199279
0.10998177377315245
0.14616193021122276
0.18193288866458876
0.21719558877967682
0.25185310643316966
0.2858110579359369
0.3189779918661099
0.35126576663263437
0.3825899119443324
0.41286997244258783
0.4420298318478181
0.46999801607040015
0.49670797384516785
0.5220983335643963
0.5461131351067408
0.5687020355882493
0.5898204880956213
0.6094298926006679
0.6274977183976608
0.6439975975512283
0.658909388990861
0.6722192130381612
0.6839194563039179
0.6940087470431057
0.7024919012062045
0.7093798395740228
0.7146894765097015
0.7184435810049992
0.7206706108375739
0.7214045207910317
0.7206845460193226
0.7185549617609344
0.7150648207256203
0.710267669586509
0.7042212461127707
0.696987158572078
0.6886305491173634
0.6792197429484491
0.6688258851055837
0.6575225668084611
0.645385443300605
0.632491845194887
0.6189203853412021
0.6047505632518619
0.5900623691240232
0.5749358894914319
0.5594509165200229
0.5436865629335516
0.5277208845166524
0.5116305120937309
0.4954902948231809
0.47937295657794493
0.4633487671057338
0.44748522957579684
0.4318467860244072
0.4164945421087656
0.4014860124693812
0.38687488788476243
0.37271082528009747
0.35903926152417964
0.3459012518168416
0.33333333333333337
0.3213674146531327
0.3100306913593992
0.2993455880524166
0.2893297268766982
0.2799959225177492
0.27135220348153444
0.26340185932829707
0.2561435133932519
0.2495712203905928
0.24367458816494603
0.23843892272657002
0.23384539558392964
0.22987123227043582
0.22648992085172875
0.22367143909651366
0.2213824988981581
0.21958680644654374
0.21824533657049353
0.2173166196008794
0.21675703904361446
0.21652113830046898
0.21656193463428358
0.2168312385438621
0.2172799766928058
0.217858516525853
0.21851699070597352
0.21920561951549883
0.2198750293848939
0.22047656574322994
0.22096259842483573
0.2212868179167365
0.22140452079103168
0.2212728827349878
0.22085121766890087
0.22010122152731093
0.2189871993724076
0.21747627460893254
0.2155385791770013
0.21314742371240747
0.2102794467825178
0.2069147424291394
0.20303696537705085
0.19863341339752472
0.1936950864493954
0.188216722355299
0.18219680890688084
0.1756375724292613
0.1685449429711225
0.1609284964216588
0.15280137398857738
0.14418017960160132
0.1350848559327869
0.12553853984772162
0.11556739821963558
0.10520044515096898
0.09446934175339208
0.08340817973705954
0.07205325015244572
0.060442798712956824
0.048616769203158806
0.036616536545471645
0.024484631157212458
0.012264456279546377
6.123233995736766E-17
-0.012264456279546256
-0.024484631157212337
-0.03661653654547154
-0.048616769203158695
-0.0604427987129567
-0.07205325015244562
-0.08340817973705941
-0.09446934175339199
-0.10520044515096885
-0.11556739821963545
-0.1255385398477215
-0.13508485593278677
-0.14418017960160126
-0.1528013739885773
-0.1609284964216587
-0.1685449429711224
-0.17563757242926126
-0.18219680890688078
-0.18821672235529893
-0.19369508644939534
-0.19863341339752466
-0.2030369653770508
-0.20691474242913935
-0.21027944678251778
-0.21314742371240747
-0.2155385791770012
-0.21747627460893257
-0.21898719937240757
-0.22010122152731085
-0.2208512176689009
-0.22127288273498777
-0.2214045207910318
-0.2212868179167365
-0.2209625984248358
-0.22047656574322988
-0.21987502938489367
-0.2192056195154985
-0.21851699070597386
-0.2178585165258532
-0.2172799766928056
-0.2168312385438622
-0.2165619346342836
-0.21652113830046885
-0.21675703904361446
-0.21731661960087942
-0.21824533657049341
-0.21958680644654352
-0.22138249889815786
-0.223671439096514
-0.2264899208517288
-0.22987123227043582
-0.23384539558392975
-0.23843892272656997
-0.24367458816494592
-0.24957122039059265
-0.2561435133932517
-0.26340185932829674
-0.2713522034815341
-0.2799959225177494
-0.2893297268766984
-0.2993455880524166
-0.3100306913593992
-0.32136741465313257
-0.33333333333333326
-0.3459012518168415
-0.3590392615241793
-0.37271082528009725
-0.3868748878847621
-0.40148601246938087
-0.4164945421087656
-0.43184678602440707
-0.4474852295757967
-0.4633487671057337
-0.47937295657794465
-0.4954902948231807
-0.5116305120937306
-0.5277208845166521
-0.5436865629335513
-0.5594509165200229
-0.5749358894914318
-0.5900623691240232
-0.604750563251862
-0.6189203853412019
-0.632491845194887
-0.6453854433006048
-0.657522566808461
-0.6688258851055836
-0.6792197429484488
-0.6886305491173634
-0.6969871585720782
-0.7042212461127708
-0.7102676695865087
-0.7150648207256202
-0.7185549617609341
-0.7206845460193226
-0.7214045207910318
-0.7206706108375742
-0.7184435810049992
-0.7146894765097016
-0.7093798395740232
-0.702491901206205
-0.6940087470431056
-0.6839194563039177
-0.6722192130381612
-0.6589093889908612
-0.6439975975512284
-0.6274977183976609
-0.6094298926006682
-0.5898204880956218
-0.5687020355882497
-0.5461131351067413
-0.5220983335643968
-0.49670797384516774
-0.4699980160703999
-0.4420298318478183
-0.41286997244258816
-0.38258991194433273
-0.3512657666326347
-0.31897799186611014
-0.2858110579359377
-0.2518531064331704
-0.2171955887796776
-0.18193288866458865
-0.14616193021122262
-0.1099817737731523
-0.07349320132199319
-0.03679829344325561
-3.6739403974420594E-16
0.03679829344325487
0.07349320132199245
0.10998177377315156
0.14616193021122192
0.18193288866458796
0.21719558877967687
0.2518531064331697
0.28581105793593703
0.31897799186610953
0.35126576663263404
0.3825899119443321
0.4128699724425875
0.44202983184781763
0.4699980160703995
0.49670797384516724
0.5220983335643963
0.5461131351067409
0.5687020355882493
0.5898204880956214
0.6094298926006678
0.6274977183976606
0.6439975975512281
0.6589093889908608
0.6722192130381609
0.6839194563039174
0.6940087470431054
0.7024919012062047
0.7093798395740231
0.7146894765097015
0.7184435810049992
0.7206706108375741
0.7214045207910318
0.7206845460193227
0.7185549617609343
0.7150648207256203
0.7102676695865088
0.7042212461127709
0.6969871585720783
0.6886305491173635
0.679219742948449
0.6688258851055836
0.6575225668084616
0.6453854433006053
0.6324918451948872
0.6189203853412022
0.6047505632518619
0.5900623691240231
0.5749358894914325
0.5594509165200232
0.5436865629335517
0.5277208845166524
0.5116305120937308
0.4954902948231813
0.4793729565779452
0.463348767105734
0.44748522957579706
0.4318467860244073
0.4164945421087658
0.40148601246938126
0.38687488788476254
0.3727108252800975
0.35903926152417964
0.3459012518168417
0.3333333333333335
0.3213674146531328
0.3100306913593994
0.29934558805241684
0.28932972687669856
0.27999592251774963
0.27135220348153466
0.26340185932829685
0.25614351339325236
0.24957122039059274
0.24367458816494675
0.2384389227265703
0.23384539558392914
0.22987123227043582
0.22648992085172842
0.2236714390965141
0.2213824988981582
0.21958680644654366
0.21824533657049316
0.21731661960087986
0.21675703904361446
0.21652113830046957
0.2165619346342839
0.21683123854386152
0.21727997669280566
0.2178585165258528
0.21851699070597386
0.21920561951549877
0.21987502938489378
0.22047656574322966
0.22096259842483607
0.2212868179167365
0.22140452079103207
0.22127288273498802
0.22085121766890042
0.22010122152731101
0.21898719937240751
0.21747627460893273
0.21553857917700128
0.21314742371240752
0.21027944678251775
0.20691474242913965
0.2030369653770509
0.1986334133975246
0.19369508644939537
0.188216722355299
0.18219680890688095
0.17563757242926128
0.16854494297112257
0.16092849642165868
0.15280137398857735
0.1441801796016016
0.13508485593278705
0.12553853984772168
0.11556739821963562
0.10520044515096882
0.09446934175339242
0.0834081797370599
0.07205325015244583
0.06044279871295694
0.04861676920315864
0.036616536545471486
0.024484631157212878
0.0122644562795465
1.83697019872103E-16
-0.012264456279546133
-0.02448463115721251
-0.036616536545471125
-0.04861676920315828
-0.06044279871295659
-0.07205325015244549
-0.08340817973705958
-0.0944693417533921
-0.10520044515096853
-0.1155673982196353
-0.12553853984772143
-0.13508485593278677
-0.1441801796016013
-0.1528013739885771
-0.16092849642165843
-0.16854494297112238
-0.1756375724292611
-0.18219680890688078
-0.18821672235529882
-0.19369508644939526
-0.19863341339752447
-0.20303696537705074
-0.20691474242913951
-0.2102794467825177
-0.21314742371240744
-0.21553857917700117
-0.21747627460893265
-0.2189871993724074
-0.220101221527311
-0.2208512176689004
-0.221272882734988
-0.22140452079103212
-0.2212868179167365
-0.22096259842483612
-0.22047656574322966
-0.21987502938489384
-0.21920561951549883
-0.21851699070597388
-0.2178585165258528
-0.21727997669280566
-0.2168312385438615
-0.21656193463428391
-0.2165211383004696
-0.21675703904361446
-0.21731661960087983
-0.2182453365704931
-0.2195868064465437
-0.22138249889815814
-0.223671439096514
-0.22648992085172837
-0.2298712322704357
-0.23384539558392897
-0.2384389227265697
-0.24367458816494614
-0.24957122039059224
-0.2561435133932525
-0.26340185932829696
-0.27135220348153466
-0.27999592251774885
-0.28932972687669833
-0.29934558805241607
-0.3100306913593991
-0.3213674146531319
-0.33333333333333315
-0.3459012518168417
-0.3590392615241793
-0.37271082528009747
-0.38687488788476176
-0.40148601246938087
-0.416494542108765
-0.43184678602440685
-0.4474852295757963
-0.4633487671057335
-0.47937295657794443
-0.4954902948231808
-0.511630512093731
-0.5277208845166526
-0.5436865629335508
-0.5594509165200222
-0.5749358894914314
-0.5900623691240225
-0.6047505632518616
-0.6189203853412016
-0.6324918451948869
-0.6453854433006049
-0.6575225668084612
-0.6688258851055838
-0.6792197429484493
-0.6886305491173638
-0.6969871585720775
-0.7042212461127703
-0.7102676695865088
-0.71506482072562
-0.7185549617609345
-0.7206845460193227
-0.721404520791032
-0.7206706108375741
-0.7184435810049992
-0.7146894765097019
-0.709379839574023
-0.7024919012062046
-0.6940087470431054
-0.6839194563039183
-0.6722192130381612
-0.6589093889908618
-0.6439975975512287
-0.6274977183976604
-0.6094298926006684
-0.5898204880956212
-0.5687020355882497
-0.5461131351067406
-0.5220983335643973
-0.4967079738451683
-0.46999801607040126
-0.4420298318478185
-0.4128699724425892
-0.382589911944333
-0.3512657666326342
-0.3189779918661105
-0.2858110579359367
-0.2518531064331702
-0.21719558877967654
-0.18193288866459043
-0.14616193021122356
-0.1099817737731541
-0.07349320132199355
-0.036798293443256865
-7.347880794884119E-16
