0.5630796092276182
0.8744388885656825
0.8845928924996572
0.7544896444656296
0.6786411470060625
0.71458450931475
0.779512979622191
0.782305417872706
0.7269367704072437
0.6852112223801272
0.6980656150509786
0.7326036782969623
0.7348021186458691
0.6989953770550754
0.6677126248075398
0.6721599601231625
0.6946196053313011
0.6966309834169468
0.6699613784338824
0.6438259978705507
0.6438766745191217
0.6597554612494111
0.6616630457576559
0.6403541251861622
0.6173391775436846
0.6146616955238233
0.6263377669277026
0.6281638770526379
0.6104235258514892
0.5895421483872969
0.5849922350247385
0.5937084475114424
0.5954572392280818
0.5802935101034048
0.5609931368289915
0.5550699668504779
0.5615568819911719
0.5632255317843183
0.5500311254000146
0.53197269942894
0.524994433726416
0.5297175334903305
0.5313000412921998
0.5196754889663618
0.5026371662238651
0.4948203343960381
0.4980941786607373
0.4995829003182426
0.4892508499703117
0.473080500269075
0.46458019680473656
0.4666271087306669
0.4680134498891884
0.45877298825329654
0.4433625553398871
0.4342945794467891
0.4352773377052352
0.43655209394123673
0.4282525813451264
0.41352325247201877
0.40397712523349877
0.4040183516292553
0.40517188304975466
0.3976970856793787
0.3835902320339299
0.37363726101569933
0.372831508882306
0.373853830206105
0.36711184168796174
0.35358323444616996
0.34328172982240884
0.34170333679762943
0.3425841606613356
0.3365007508549553
0.3235167326033727
0.31291550544293617
0.3106238715782031
0.31135262371573824
0.3058667054471305
0.2934015793913817
0.2825423622059056
0.2795856004892727
0.2801514163471082
0.2752118694408166
0.2632460752228924
0.2521652434959076
0.24858276624240752
0.24897447396081393
0.24453786665694152
0.23305668090330525
0.22178650833330865
0.21761089700847935
0.21781698916614836
0.21384590911867063
0.2028385064527422
0.19140810177052603
0.18666648139200828
0.1866750764074804
0.18313688569668118
0.17259565437006053
0.16103167652136272
0.15574673913000414
0.15554553221974296
0.152411423547356
0.14233146600722563
0.1306586828469436
0.12484945659393189
0.12442565943412832
0.12166993028382832
0.11204870209967152
0.10029043764907257
0.0939728671905293
0.09331313476424198
0.09091262196785709
0.0817496777797988
0.06992818009264254
0.06311556357805594
0.06220590601097208
0.06013954016134866
0.051436365719532695
0.03957311888644862
0.03227643295307489
0.03110210937103906
0.029350560020094278
0.021110476798831858
0.009226475042641121
0.001454609497285016
2.199960197345059E-17
-0.001454609497284931
-0.009226475042640906
-0.021110476798831834
-0.029350560020093824
-0.0311021093710389
-0.0322764329530749
-0.03957311888644862
-0.0514363657195324
-0.060139540161348475
-0.06220590601097235
-0.06311556357805659
-0.06992818009264301
-0.08174967777979898
-0.09091262196785721
-0.09331313476424205
-0.09397286719052991
-0.10029043764907311
-0.11204870209967185
-0.1216699302838277
-0.12442565943412742
-0.12484945659393223
-0.13065868284694418
-0.14233146600722607
-0.15241142354735612
-0.15554553221974213
-0.15574673913000303
-0.16103167652136302
-0.17259565437006155
-0.18313688569668093
-0.18667507640747863
-0.18666648139200587
-0.1914081017705262
-0.20283850645274376
-0.21384590911867224
-0.2178169891661497
-0.21761089700847852
-0.22178650833330704
-0.2330566809033049
-0.24453786665694185
-0.24897447396081496
-0.248582766242408
-0.25216524349590613
-0.2632460752228907
-0.27521186944081544
-0.28015141634710894
-0.2795856004892734
-0.2825423622059048
-0.29340157939138134
-0.3058667054471303
-0.31135262371573796
-0.31062387157820226
-0.31291550544293445
-0.3235167326033723
-0.33650075085495657
-0.34258416066133607
-0.34170333679762943
-0.34328172982240934
-0.3535832344461702
-0.3671118416879641
-0.3738538302061072
-0.3728315088823071
-0.37363726101570055
-0.3835902320339311
-0.39769708567937934
-0.40517188304975404
-0.40401835162925426
-0.403977125233496
-0.4135232524720174
-0.4282525813451262
-0.4365520939412368
-0.4352773377052361
-0.43429457944678945
-0.4433625553398864
-0.45877298825329627
-0.4680134498891886
-0.4666271087306681
-0.46458019680473744
-0.4730805002690744
-0.48925084997031126
-0.4995829003182427
-0.4980941786607385
-0.4948203343960382
-0.5026371662238648
-0.5196754889663612
-0.5313000412921993
-0.5297175334903319
-0.5249944337264142
-0.5319726994289385
-0.5500311254000138
-0.5632255317843161
-0.5615568819911727
-0.5550699668504774
-0.5609931368289924
-0.5802935101034061
-0.595457239228082
-0.5937084475114421
-0.5849922350247385
-0.5895421483872946
-0.6104235258514883
-0.6281638770526373
-0.6263377669277035
-0.614661695523825
-0.617339177543686
-0.6403541251861617
-0.6616630457576558
-0.6597554612494114
-0.6438766745191213
-0.6438259978705506
-0.6699613784338819
-0.696630983416948
-0.6946196053313033
-0.6721599601231623
-0.6677126248075378
-0.6989953770550753
-0.7348021186458681
-0.732603678296963
-0.6980656150509797
-0.6852112223801259
-0.7269367704072421
-0.7823054178727052
-0.7795129796221922
-0.7145845093147519
-0.6786411470060627
-0.7544896444656269
-0.8845928924996548
-0.8744388885656845
-0.5630796092276237
-7.028617296874734E-15
0.563079609227613
0.8744388885656812
0.8845928924996572
0.7544896444656302
0.6786411470060625
0.7145845093147493
0.7795129796221907
0.7823054178727067
0.726936770407245
0.6852112223801273
0.6980656150509791
0.7326036782969618
0.7348021186458686
0.6989953770550763
0.6677126248075403
0.672159960123163
0.694619605331303
0.696630983416948
0.6699613784338827
0.6438259978705517
0.6438766745191224
0.659755461249411
0.661663045757655
0.6403541251861595
0.6173391775436834
0.6146616955238227
0.6263377669277023
0.6281638770526387
0.6104235258514914
0.5895421483872968
0.5849922350247391
0.593708447511442
0.5954572392280811
0.5802935101034042
0.5609931368289912
0.5550699668504764
0.5615568819911733
0.5632255317843192
0.5500311254000153
0.5319726994289399
0.524994433726416
0.5297175334903298
0.5313000412921992
0.519675488966362
0.5026371662238639
0.4948203343960383
0.4980941786607361
0.499582900318241
0.48925084997031176
0.47308050026907494
0.46458019680473556
0.4666271087306669
0.46801344988918897
0.4587729882532968
0.44336255533988833
0.43429457944678945
0.43527733770523264
0.43655209394123684
0.42825258134512767
0.41352325247202176
0.40397712523350043
0.4040183516292576
0.4051718830497553
0.397697085679378
0.38359023203392895
0.373637261015698
0.3728315088823041
0.3738538302061053
0.36711184168795996
0.3535832344461692
0.3432817298224085
0.3417033367976305
0.34258416066133485
0.336500750854957
0.32351673260337477
0.31291550544293645
0.3106238715782038
0.3113526237157393
0.30586670544713057
0.29340157939138145
0.2825423622059056
0.2795856004892722
0.280151416347109
0.2752118694408171
0.26324607522289395
0.2521652434959094
0.24858276624240416
0.24897447396081301
0.24453786665694074
0.23305668090330592
0.2217865083333098
0.2176108970084798
0.2178169891661453
0.2138459091186676
0.20283850645274126
0.19140810177052617
0.18666648139201192
0.18667507640748196
0.18313688569668232
0.17259565437005928
0.1610316765213629
0.15574673913000517
0.15554553221974485
0.1524114235473562
0.14233146600722565
0.13065868284694335
0.12484945659393028
0.12442565943412914
0.12166993028382901
0.11204870209967135
0.10029043764907475
0.0939728671905263
0.09331313476424251
0.09091262196785488
0.08174967777979893
0.06992818009264207
0.06311556357805492
0.062205906010971306
0.060139540161346663
0.05143636571953308
0.03957311888645158
0.03227643295307596
0.031102109371037787
0.02935056002009495
0.021110476798831525
0.009226475042640564
0.0014546094972838972
-6.416362470871357E-16
-0.0014546094972829552
-0.009226475042640214
-0.021110476798830467
-0.02935056002009464
-0.031102109371036486
-0.032276432953074766
-0.03957311888645106
-0.0514363657195332
-0.060139540161346795
-0.06220590601097218
-0.0631155635780561
-0.06992818009264282
-0.08174967777979956
-0.09091262196785574
-0.09331313476424204
-0.09397286719053051
-0.10029043764907628
-0.11204870209967069
-0.12166993028382415
-0.1244256594341264
-0.12484945659392896
-0.13065868284694418
-0.14233146600722724
-0.15241142354735576
-0.15554553221974135
-0.15574673913000392
-0.16103167652136405
-0.17259565437006144
-0.18313688569668146
-0.18667507640747552
-0.1866664813920055
-0.19140810177052514
-0.20283850645274498
-0.21384590911867582
-0.21781698916614986
-0.21761089700848021
-0.22178650833330738
-0.23305668090330472
-0.24453786665694174
-0.24897447396081523
-0.24858276624240702
-0.2521652434959062
-0.2632460752228935
-0.27521186944081777
-0.2801514163471099
-0.2795856004892714
-0.2825423622059051
-0.293401579391382
-0.30586670544712685
-0.31135262371573597
-0.3106238715782013
-0.3129155054429326
-0.3235167326033731
-0.3365007508549548
-0.34258416066133557
-0.3417033367976252
-0.34328172982240773
-0.35358323444617146
-0.3671118416879638
-0.3738538302061098
-0.3728315088823105
-0.37363726101570255
-0.3835902320339315
-0.39769708567937945
-0.4051718830497508
-0.4040183516292528
-0.4039771252334944
-0.4135232524720139
-0.42825258134512556
-0.43655209394123756
-0.4352773377052352
-0.434294579446786
-0.44336255533988617
-0.4587729882532965
-0.4680134498891897
-0.4666271087306708
-0.46458019680473805
-0.4730805002690734
-0.4892508499703097
-0.4995829003182403
-0.498094178660739
-0.494820334396038
-0.5026371662238639
-0.5196754889663611
-0.5313000412921979
-0.5297175334903278
-0.5249944337264166
-0.5319726994289403
-0.5500311254000111
-0.5632255317843172
-0.5615568819911692
-0.5550699668504774
-0.560993136828991
-0.5802935101034078
-0.5954572392280818
-0.5937084475114435
-0.5849922350247393
-0.589542148387295
-0.6104235258514908
-0.6281638770526394
-0.6263377669277026
-0.6146616955238249
-0.6173391775436875
-0.6403541251861624
-0.6616630457576552
-0.6597554612494115
-0.6438766745191209
-0.6438259978705476
-0.6699613784338817
-0.6966309834169457
-0.6946196053313007
-0.6721599601231611
-0.6677126248075388
-0.6989953770550744
-0.7348021186458698
-0.7326036782969642
-0.6980656150509776
-0.6852112223801239
-0.7269367704072407
-0.7823054178727038
-0.7795129796221938
-0.7145845093147501
-0.6786411470060629
-0.7544896444656263
-0.8845928924996567
-0.8744388885656851
-0.5630796092276318
-1.4057234593749468E-14
