0
0
16384.00000000005
0
4095.999999999999
0
1820.444444444452
0
1024.0000000000018
0
655.3600000000029
0
455.1111111111121
0
334.3673469387765
0
255.9999999999995
0
202.27160493827205
0
163.84000000000015
0
135.40495867768652
0
113.7777777777783
0
96.94674556213072
0
83.59183673469367
0
72.81777777777796
0
64.00000000000045
0
56.69204152249143
0
50.567901234567856
0
45.38504155124693
0
40.960000000000335
0
37.15192743764209
0
33.85123966942156
0
30.971644612476506
0
28.44444444444463
0
26.214400000000147
0
24.236686390532583
0
22.474622770918845
0
20.89795918367371
0
19.481569560047507
0
18.204444444444466
0
17.04890738813768
0
16.0000000000001
0
15.044995408631745
0
14.17301038062296
0
13.374693877551223
0
12.641975308642031
0
11.967859751643383
0
11.346260387811602
0
10.771860618014522
0
10.240000000000174
0
9.74657941701389
0
9.287981859410577
0
8.861005949161797
0
8.462809917355418
0
8.090864197531083
0
7.742911153119404
0
7.4169307378907305
0
7.111111111111205
0
6.823823406914114
0
6.553600000000194
0
0
0
0
0
0
0
0
0
0
0
0
0
0
0
0
0
0
0
0
0
0
0
0
0
0
0
0
0
0
0
0
0
0
0
0
0
0
0
0
0
0
0
0
0
0
0
0
0
0
0
0
0
0
0
0
0
0
0
0
0
0
0
0
0
0
0
0
0
0
0
0
0
0
0
0
0
0
0
0
0
0
0
0
0
0
0
0
0
0
0
0
0
0
0
0
0
0
0
0
0
0
0
0
0
0
0
0
0
0
0
0
0
0
0
0
0
0
0
0
0
0
0
0
0
0
0
0
0
0
0
0
0
0
0
0
0
0
0
0
0
0
0
0
0
0
0
0
0
0
0
0
0
0
0
