1.0
1.0000000000000062
1.0000000000000018
1.0000000000000084
1.0000000000000027
1.0000000000000089
1.0000000000000044
1.000000000000011
0.9999999999999989
1.0000000000000053
1.0000000000000004
1.000000000000007
1.0000000000000013
1.0000000000000075
1.000000000000003
1.0000000000000098
1.0
1.0000000000000062
1.0000000000000018
1.0000000000000084
1.0000000000000027
1.0000000000000089
1.0000000000000044
1.000000000000011
0.9999999999999989
1.0000000000000053
1.0000000000000009
1.000000000000007
1.0000000000000013
1.0000000000000075
1.000000000000003
1.0000000000000098
1.0
1.0000000000000067
1.0000000000000018
1.0000000000000084
1.0000000000000022
1.0000000000000089
1.000000000000004
1.000000000000011
0.9999999999999989
1.0000000000000053
1.0000000000000004
1.000000000000007
1.0000000000000013
1.0000000000000075
1.000000000000003
1.0000000000000098
1.0
1.0000000000000067
1.0000000000000018
1.0000000000000084
1.0000000000000027
1.0000000000000089
1.000000000000004
1.000000000000011
0.9999999999999984
1.0000000000000053
1.0000000000000004
1.000000000000007
1.0000000000000013
1.000000000000008
1.000000000000003
1.0000000000000098
1.0
1.0000000000000062
1.0000000000000018
1.0000000000000084
1.0000000000000027
1.0000000000000089
1.0000000000000044
1.000000000000011
0.9999999999999989
1.0000000000000053
1.0000000000000004
1.000000000000007
1.0000000000000013
1.0000000000000075
1.000000000000003
1.0000000000000098
1.0
1.0000000000000067
1.0000000000000018
1.0000000000000084
1.0000000000000027
1.0000000000000089
1.0000000000000044
1.000000000000011
0.9999999999999989
1.0000000000000053
1.0000000000000009
1.000000000000007
1.0000000000000013
1.0000000000000075
1.000000000000003
1.0000000000000098
1.0
1.0000000000000067
1.0000000000000018
1.0000000000000084
1.0000000000000022
1.0000000000000089
1.000000000000004
1.000000000000011
0.9999999999999989
1.0000000000000053
1.0000000000000004
1.000000000000007
1.0000000000000013
1.0000000000000075
1.000000000000003
1.0000000000000098
1.0
1.0000000000000062
1.0000000000000018
1.0000000000000084
1.0000000000000027
1.0000000000000089
1.000000000000004
1.000000000000011
0.9999999999999984
1.0000000000000053
1.0000000000000004
1.000000000000007
1.0000000000000013
1.000000000000008
1.000000000000003
1.0000000000000098
1.0
1.0000000000000062
1.0000000000000018
1.0000000000000084
1.0000000000000027
1.0000000000000089
1.0000000000000044
1.000000000000011
0.9999999999999989
1.0000000000000053
1.0000000000000004
1.000000000000007
1.0000000000000013
1.0000000000000075
1.000000000000003
1.0000000000000098
1.0
1.0000000000000062
1.0000000000000018
1.0000000000000084
1.0000000000000027
1.0000000000000089
1.0000000000000044
1.000000000000011
0.9999999999999989
1.0000000000000053
1.0000000000000009
1.000000000000007
1.0000000000000013
1.0000000000000075
1.000000000000003
1.0000000000000098
1.0
1.0000000000000067
1.0000000000000018
1.0000000000000084
1.0000000000000022
1.0000000000000089
1.000000000000004
1.000000000000011
0.9999999999999989
1.0000000000000053
1.0000000000000004
1.000000000000007
1.0000000000000013
1.0000000000000075
1.000000000000003
1.0000000000000098
1.0
1.0000000000000067
1.0000000000000018
1.0000000000000084
1.0000000000000027
1.0000000000000089
1.000000000000004
1.000000000000011
0.9999999999999984
1.0000000000000053
1.0000000000000004
1.000000000000007
1.0000000000000013
1.000000000000008
1.000000000000003
1.0000000000000098
1.0
1.0000000000000062
1.0000000000000018
1.0000000000000084
1.0000000000000027
1.0000000000000089
1.0000000000000044
1.000000000000011
0.9999999999999989
1.0000000000000053
1.0000000000000004
1.000000000000007
1.0000000000000013
1.0000000000000075
1.000000000000003
1.0000000000000098
1.0
1.0000000000000067
1.0000000000000018
1.0000000000000084
1.0000000000000027
1.0000000000000089
1.0000000000000044
1.000000000000011
0.9999999999999989
1.0000000000000053
1.0000000000000009
1.000000000000007
1.0000000000000013
1.0000000000000075
1.000000000000003
1.0000000000000098
1.0
1.0000000000000067
1.0000000000000018
1.0000000000000084
1.0000000000000022
1.0000000000000089
1.000000000000004
1.000000000000011
0.9999999999999989
1.0000000000000053
1.0000000000000004
1.000000000000007
1.0000000000000013
1.0000000000000075
1.000000000000003
1.0000000000000098
1.0
1.0000000000000062
1.0000000000000018
1.0000000000000084
1.0000000000000027
1.0000000000000089
1.000000000000004
1.000000000000011
0.9999999999999984
1.0000000000000053
1.0000000000000004
1.000000000000007
1.0000000000000013
1.000000000000008
1.000000000000003
1.0000000000000098
