1.0
1.0000000000000018
1.0000000000000009
1.0000000000000027
1.0000000000000004
1.0000000000000022
1.0000000000000009
1.000000000000003
0.9999999999999998
1.0000000000000013
1.0000000000000004
1.0000000000000022
1.0
1.0000000000000018
1.0000000000000009
1.0000000000000027
1.0
1.0000000000000022
1.0000000000000009
1.000000000000003
1.0000000000000004
1.0000000000000022
1.0000000000000013
1.000000000000003
0.9999999999999996
1.0000000000000013
1.0000000000000009
1.0000000000000022
1.0
1.0000000000000022
1.0000000000000009
1.0000000000000027
1.0
1.0000000000000018
1.0000000000000009
1.0000000000000027
1.0000000000000004
1.0000000000000022
1.0000000000000013
1.0000000000000027
0.9999999999999996
1.0000000000000013
1.0000000000000004
1.0000000000000022
1.0
1.0000000000000018
1.0000000000000009
1.0000000000000027
1.0
1.0000000000000018
1.0000000000000009
1.000000000000003
1.0000000000000004
1.0000000000000022
1.0000000000000013
1.000000000000003
0.9999999999999996
1.0000000000000018
1.0000000000000004
1.0000000000000022
1.0
1.0000000000000022
1.0000000000000009
1.0000000000000027
1.0
1.0000000000000018
1.0000000000000009
1.0000000000000027
1.0000000000000004
1.0000000000000022
1.0000000000000009
1.000000000000003
0.9999999999999998
1.0000000000000013
1.0000000000000004
1.0000000000000022
1.0
1.0000000000000018
1.0000000000000009
1.0000000000000027
1.0
1.0000000000000022
1.0000000000000009
1.000000000000003
1.0000000000000004
1.0000000000000022
1.0000000000000013
1.000000000000003
0.9999999999999996
1.0000000000000013
1.0000000000000009
1.0000000000000022
1.0
1.0000000000000022
1.0000000000000009
1.0000000000000027
1.0
1.0000000000000018
1.0000000000000009
1.0000000000000027
1.0000000000000004
1.0000000000000022
1.0000000000000013
1.0000000000000027
0.9999999999999996
1.0000000000000013
1.0000000000000004
1.0000000000000022
1.0
1.0000000000000018
1.0000000000000009
1.0000000000000027
1.0
1.0000000000000018
1.0000000000000009
1.000000000000003
1.0000000000000004
1.0000000000000022
1.0000000000000013
1.000000000000003
0.9999999999999996
1.0000000000000018
1.0000000000000004
1.0000000000000022
1.0
1.0000000000000022
1.0000000000000009
1.0000000000000027
1.0
1.0000000000000018
1.0000000000000009
1.0000000000000027
1.0000000000000004
1.0000000000000022
1.0000000000000009
1.000000000000003
0.9999999999999998
1.0000000000000013
1.0000000000000004
1.0000000000000022
1.0
1.0000000000000018
1.0000000000000009
1.0000000000000027
1.0
1.0000000000000022
1.0000000000000009
1.000000000000003
1.0000000000000004
1.0000000000000022
1.0000000000000013
1.000000000000003
0.9999999999999996
1.0000000000000013
1.0000000000000009
1.0000000000000022
1.0
1.0000000000000022
1.0000000000000009
1.0000000000000027
1.0
1.0000000000000018
1.0000000000000009
1.0000000000000027
1.0000000000000004
1.0000000000000022
1.0000000000000013
1.0000000000000027
0.9999999999999996
1.0000000000000013
1.0000000000000004
1.0000000000000022
1.0
1.0000000000000018
1.0000000000000009
1.0000000000000027
1.0
1.0000000000000018
1.0000000000000009
1.000000000000003
1.0000000000000004
1.0000000000000022
1.0000000000000013
1.000000000000003
0.9999999999999996
1.0000000000000018
1.0000000000000004
1.0000000000000022
1.0
1.0000000000000022
1.0000000000000009
1.0000000000000027
1.0
1.0000000000000018
1.0000000000000009
1.0000000000000027
1.0000000000000004
1.0000000000000022
1.0000000000000009
1.000000000000003
0.9999999999999998
1.0000000000000013
1.0000000000000004
1.0000000000000022
1.0
1.0000000000000018
1.0000000000000009
1.0000000000000027
1.0
1.0000000000000022
1.0000000000000009
1.000000000000003
1.0000000000000004
1.0000000000000022
1.0000000000000013
1.000000000000003
0.9999999999999996
1.0000000000000013
1.0000000000000009
1.0000000000000022
1.0
1.0000000000000022
1.0000000000000009
1.0000000000000027
1.0
1.0000000000000018
1.0000000000000009
1.0000000000000027
1.0000000000000004
1.0000000000000022
1.0000000000000013
1.0000000000000027
0.9999999999999996
1.0000000000000013
1.0000000000000004
1.0000000000000022
1.0
1.0000000000000018
1.0000000000000009
1.0000000000000027
1.0
1.0000000000000018
1.0000000000000009
1.000000000000003
1.0000000000000004
1.0000000000000022
1.0000000000000013
1.000000000000003
0.9999999999999996
1.0000000000000018
1.0000000000000004
1.0000000000000022
1.0
1.0000000000000022
1.0000000000000009
1.0000000000000027
