191844.0
294559.92223900097
331464.3811757838
333704.5349495205
332259.1089658931
321989.7174953774
351175.49033176835
326545.57778389787
348019.46924394456
322819.48297435214
320852.095291206
315476.3138440363
295900.92558658816
381630.9466186267
376983.59680877166
377416.2124717643
413879.9802674774
343210.36001443845
348112.82586295763
364880.3526676693
396826.4083848799
400573.3083176132
411254.97944628773
404370.4993798295
410485.9145452179
441956.83924144064
445960.15070754813
473570.4805958448
489043.54682193155
474889.4127570952
528145.3217992054
533530.7584720666
550283.6837051689
543068.9657996434
595576.3504810812
576588.5535853197
626552.452528036
661455.9817480805
678982.0241143687
741213.9985455129
794701.1613571728
783392.6622517285
819198.6932746886
884215.8930964699
987637.1189035369
1013459.5811035724
1104139.0247892747
1199581.1974232572
1353554.15162043
1492521.8949186697
1654078.6703029114
1806121.9727661752
2047629.7235852352
2524731.008892686
2822390.5252209334
3213153.143648962
3922933.4763785955
4906921.01677445
6135295.147668295
8271402.608389219
1.1934564360871688E7
1.865041868207538E7
3.35778630196667E7
8.064782211939748E7
4.3383714636884356E8
3.2997754013057942E9
1.3809072607989147E8
4.165975843787687E7
1.9280788903023228E7
1.0868300329272252E7
6872240.6826107595
4708232.905308759
3398079.0494635804
2529694.104389997
1925408.9552778124
1530489.3489493623
1180733.133828326
911111.6605893967
776562.6844862837
626519.4024244169
563291.078173044
474249.8435208648
396592.20135888323
342543.984661568
283308.6884467595
242767.19191801516
208069.89111968473
217439.93410340982
141546.4483677634
116960.47097583358
142629.4167124988
118480.37934182912
102235.40867602099
91722.69529125976
92988.82660789092
74678.49371499603
86689.81024016293
66117.99946305512
65103.974805040794
70453.82730570622
72999.28265910126
73334.88888765854
66359.35958734252
54176.84208342993
61086.82425082932
64925.09322663566
60687.85035722958
75181.99209163837
59656.06224572308
79770.0502200278
87417.68793153673
85408.14591238838
80594.37977381443
97784.89779221399
116921.34778663419
112972.31266087835
127410.31469834117
135477.1344081868
153906.45483031304
152103.78052364412
170199.8473298821
187881.6977207553
238864.6630664296
234551.3808876784
274431.2484408852
300354.6009400107
285237.308434197
315063.1356828783
376707.57356389274
432311.9612619299
473645.07738707465
545921.5373640504
601787.9704589307
676047.1578782705
794016.8798791128
902084.1733266518
1020935.1658050178
1219418.9497276898
1354319.0797475537
1654296.407195417
2070955.5194502152
2409063.7974136053
2860369.7067220625
3707458.0710818293
4839923.613844153
6505149.352919155
8896402.175352838
1.3587852662074413E7
2.2236079100988176E7
4.2094413106885E7
1.0977680960198958E8
6.841396972053725E8
2.927956333448878E9
1.802732635082235E8
5.935664750581791E7
2.964191544776779E7
1.7511087212740347E7
1.1598002156907335E7
8156914.900367837
6387963.22653117
4991004.472069097
3958811.7552026217
3191000.3944863062
2736976.324809919
2362280.3544822214
1996611.2449028948
1729716.006926893
1574192.6020623157
1395360.5354958589
1211883.21255427
1071993.5286270806
983286.4479582639
905699.3600948334
852921.0922363224
756770.7217931584
729404.827953299
661458.7122591248
600410.178599185
573923.0334599967
545351.0288395295
490478.2267654583
463112.1953944713
417435.8646405617
408214.2434229172
401473.77852002945
349170.75727141846
348248.25005240436
337665.4937539131
309560.40015690407
283572.95790757786
285849.51765954716
270545.822674501
259300.03767337542
234825.53232773245
252793.73689253873
246653.58894991523
225411.62387749576
206077.8846484057
180362.68034254469
184964.464462609
178971.6407832523
177736.63433498284
181615.5942124901
165516.15069350015
164779.93698763673
149694.49543241155
160640.92048884794
146809.04229584764
143113.0427022039
131890.24689919082
140528.37764249466
122324.12398446644
127463.9667837444
127764.47030353449
113965.75052779962
106339.44031004241
110291.93855139826
112820.38736095307
114229.71246742558
97343.93155651145
101946.84842925271
102893.52304747733
105328.97660007862
93112.80026899585
85726.63605992163
93196.5983367304
99199.77421180179
84565.39565329785
90712.6541413695
86186.03841671257
78262.38351098221
64002.22529793786
77260.82888570939
75462.10816368472
70526.22535145207
63659.97300996926
69460.93014134088
72005.46960989873
72196.06637443868
56280.84946970669
69441.17080578089
65652.41492490197
63692.451637048165
69297.03214274948
58086.85446778317
51549.31630856964
57060.00976285585
53105.94923590531
51180.845567100754
53993.82385209535
50767.178315840734
61227.60293023469
57104.41099334643
48081.80891783837
54414.47593662716
48684.97500836246
55446.05591042294
42446.69616819046
47851.17050452924
57564.7604597674
39404.00480668109
37006.16384817904
39393.58779466008
42892.85436145407
42496.13771354744
35407.13153289215
45394.01906415879
49516.99475575979
38279.781116279584
46610.51167726572
37344.961761414335
39426.38181567726
33891.18600195036
36769.8567314963
35067.682486005084
30221.963693801838
37777.97348102931
37487.27284494366
31519.975065800903
36420.47927048308
32540.08207574461
35099.15522922185
40941.072099311816
33554.02000941766
28765.587454073822
36725.20791371394
17611.40832964423
31280.510607433524
37909.708382081204
30113.817312212104
26209.204214507376
29533.304081541777
32356.394282881865
37265.82895783599
43120.13648085955
29739.84316140603
38443.96201260278
29011.866937447798
24693.482939060268
20759.506941794592
34186.11908188028
11376.59500493472
26010.22539228714
25804.084795792434
28934.443629511334
15867.34190862908
22002.82314200817
23547.376217951714
25273.380562228274
19827.391745011475
15362.31940929768
49545.61242716239
27338.372162211333
20767.788051574862
27090.580064853144
19229.373858166866
24715.595187756222
26417.220122600233
20495.964041669497
32338.289715250263
32751.11247600486
20341.701423090224
27024.05869720502
45615.44397129036
9243.050404593581
10659.696832190106
15656.303334950337
13638.801777143965
23127.232559158183
19912.823627585494
18181.407030532515
15299.80837422809
24681.48628198913
20839.20331925802
14135.353716687217
26485.51508533755
21279.599268675465
16173.188781199216
17707.363560356793
15142.547473051565
17064.05227097905
13448.370100882976
16473.460511519206
14602.530794635037
19249.484689837198
25802.98029764263
13980.389519470977
25985.862732456444
9101.30059977645
13551.37069507814
15417.458973092082
14245.749195701741
17983.916175240494
11906.145207970598
12470.408751362485
16368.37832226629
19764.003495797944
12513.060362916605
16206.642269712638
18438.743551487125
13535.10484939478
12485.921185712945
13794.144903050004
15988.837335598488
14075.877388672772
14699.791486750035
15294.981227103848
13826.238624791067
11955.447988263428
10796.895373628327
19288.91576464839
9648.370868395301
19826.74002253396
9840.14158171409
14259.686029388035
13863.55592094546
11972.595944581917
14551.002763205204
15503.583733873424
11931.769435461121
8712.284982541865
15067.776755097479
10536.360918269065
16675.5950952381
13345.565063056736
13322.774239360113
8113.469684137939
12394.789776529375
15063.932490917581
10698.765296838588
9829.81233001391
9546.374168656712
10732.448944819364
11484.168230500143
13877.14166092432
9255.744169946367
12100.83283788584
9949.38055837905
8301.939675679023
9064.962149443316
11175.754804012962
10769.134737546234
9310.798558386228
10457.31511401387
12069.034206114355
17327.652573411444
14796.907265351027
8832.817559652767
12153.220544343101
12776.428772134625
8233.350815443993
7429.783691161525
11427.992493514756
10712.717524540929
10225.840644997937
7352.746046765212
17847.196497702113
6851.824779722598
15475.777291809123
9981.881555065072
7954.512273620627
12045.29166028353
8263.04603885021
9988.238352053208
9521.300425205129
10164.855248473232
6991.198989218654
9005.51176008923
4751.740420644225
3376.9778604993894
13932.845684294403
8954.971963756721
7655.3217974411045
8295.945648213072
8482.551463410135
12749.25178715939
7678.040229316574
6595.099383061969
6401.846206939176
14478.400745254308
12091.513978913956
4681.025389616465
8541.001793725762
1931.8982954305504
11305.400539884551
14720.217086833798
12673.375346811064
6878.089402939341
13464.446649191626
9062.626514371706
9262.246235886021
6539.958241133298
5415.905894759635
3604.8010783651894
11582.414504095472
6387.666558179534
8972.279862891313
12493.521755417081
8874.366804598068
10427.903775606315
9371.694127799914
5686.697729917984
9495.113358473636
7317.975327389569
7313.017307253185
11319.424712057713
9115.884852616411
5049.803375696881
4604.737257521605
11677.900703162719
5501.815944338967
6410.392614750189
7212.728512982572
8290.592074226563
5785.52931175272
14152.561595009973
6795.002741456366
5802.842774082995
5949.244034783785
4854.5067942259
3341.8049047294535
7448.609646327745
8783.924315139988
6627.807170033187
8034.170107650955
9257.361115384172
7431.436756931868
7645.693304095049
5613.098497154889
6681.95543144599
11435.724633606244
6387.35440572743
3650.0038674750244
8438.268839460245
6843.894994541148
3470.829034998856
3872.3941251698307
5441.882018429604
7372.990096350195
5737.91435470395
4789.955578471186
5134.826349134061
5551.841314187381
7104.401923336813
5778.226546297845
4517.670604234684
7372.519142721616
3846.0712216406555
6401.177552559387
7303.652942036643
7917.042776754706
8720.660200094451
5712.401512639275
3879.0298359246426
3085.010306736722
4385.36971022081
3447.5363353418948
3945.133782120833
6222.5694596427
5456.281410367248
4282.042305796316
6101.9536048100745
4759.928863172598
7654.999721997193
4858.589061469374
5865.242762884654
5900.780936851567
5662.611613950855
4810.282408116461
5760.728421650227
6047.298811429422
5574.317458843242
6669.509643570902
4712.3808501479725
2856.3416494876815
8124.542062298011
4122.752354026473
6349.338518449965
5448.152913088615
5544.699904028057
5042.193271860354
6930.680733358017
5309.9788299441825
6351.559003277762
6907.433129658581
2998.158298689013
4469.364612404629
6119.909937377709
3266.6291285578313
3654.1353300087444
5084.402923971872
6746.485130583942
4582.702000433364
4925.583002976253
4690.085969374822
2401.157457242318
6505.491669811167
5914.626136285641
5236.483180307476
7800.941428535352
5480.4539049495
2295.364969682336
6916.614223361218
5587.2962868251925
4272.782734077543
5434.867846527367
5551.560349515064
4905.011447617744
4689.683538717212
6318.916730728772
2856.8756348209736
5332.500787621898
3777.707767110238
4916.749151378093
3527.4477641073527
6233.398906780885
4154.075476678474
5030.91245189138
2758.351716700556
7661.425294824558
4549.330342653472
3647.5579170708575
10027.60295871095
11431.156511028568
5974.622572426683
6721.4803980550305
2756.141507151136
4376.820245929458
5537.5941773798
4769.954203483094
2976.9430388504766
6091.381497293928
1749.528194348141
5618.3835264553645
6053.176103045834
4317.0421171374455
7598.065490212627
7914.392723169442
7150.6303721116365
2494.292100743515
1811.104817865688
8054.437569785759
3203.2123275990602
4290.409227945258
7897.477759445336
1998.8205561303587
1769.6627540416478
7452.094111487947
4249.623107702971
2204.294328668257
2071.484532882218
6067.607676532359
3070.3531468136443
2414.4480499647293
4121.639863459076
2331.5428771187
9370.985516794526
7113.285719347566
5760.076136703068
235.15879577714176
6450.582661033214
4454.897706506742
7242.221360186055
3951.317964209529
2904.2978000698427
4932.649284856617
8782.121195327143
6602.221142002608
4451.388220686972
4835.379568763018
2205.5771122823403
7021.762747058742
2718.5509064440207
3772.150900393735
3537.8210370324664
3787.4715089538454
4859.822472616926
2281.0809278738398
1930.5625501106776
7998.894046786276
2178.93205202966
3307.090353966851
2925.232198034396
4486.757366496886
3313.901467283653
3895.2667758240464
3797.0789221100786
3787.5146089122036
4424.556580334297
5127.773855087728
7840.25711475878
3217.775303161265
1552.030225719992
5035.845237403563
2475.6611322091585
1845.931966749969
2764.5661199392184
2887.7649800800805
5434.377170109902
4353.642188132652
5887.910903153578
2655.499438615783
5957.661821482929
8686.304371189508
162.98315297833722
3354.2655183471757
1714.20297335026
1872.0083905476329
4152.672703221393
4094.852626740359
4780.088405841756
2284.975394950567
3706.0387737762685
3672.5629454679906
3430.173248657466
4187.239835617687
4040.0997377867657
84.57600302363142
744.8128333056545
2145.7561075657713
2357.8400080378474
2156.357617806611
5016.913761734468
3236.756258630859
2008.5923881198505
3469.2454372757597
1911.3006823746575
2085.2382913238935
4645.432102403386
2840.641637197484
3453.4924827687914
2260.990292987273
4430.278870356903
4341.980867876999
2638.4467776179195
2529.0668649450367
3711.3852083751453
4009.11780728829
1638.0563337036588
2953.1373386139744
6957.814372137108
2693.4252132958204
3461.246516219158
1541.7956784405994
6079.095264616216
2036.8992433950314
3149.2141510012993
2957.459662498834
2312.8843777560583
4969.164764020785
2869.154190121711
4039.2395219352384
1330.5856212726883
3079.940546255386
2922.245738414304
1137.0090756271577
1695.1744410978529
3576.62209953823
1956.8119123680253
2384.9451509723735
1419.1349258102643
3567.149331175643
3402.9031448813435
3197.3714284221155
1886.4346957981827
997.900112471817
3827.9785716336582
2766.808956925654
3246.1331238774355
2241.833278170897
925.1459602579037
1874.9819410077116
3334.4380621979253
3836.195760049659
2416.839968893886
168.14614318458658
4750.362296138475
2171.3377018961664
3119.9422248406704
2153.8949486823135
616.8482879906218
3169.5679672375195
1758.4825015634035
1888.2629481916658
3502.301535978209
3316.280049955822
3361.4894619584024
1694.2606818169359
496.8955385603811
5996.312277257883
1350.1322254589852
4701.421978418151
3551.539445480923
3717.2765249975423
2063.255533785183
3255.063907340873
739.024072955909
373.60318934589395
13520.181988593782
12614.883110329023
8073.649314500084
6350.9606614815675
3959.2053899931434
4426.007964599138
2016.387985635387
3248.933311277766
1588.427727578096
3932.516510954518
4551.295057982926
1927.4391068196353
1294.780275808708
4520.6370624316
3984.2915724957734
3198.3718303263504
4874.128027678621
8763.12588227079
5438.999759382992
2438.1468916676627
1129.0478767565965
4815.035976976628
4960.273563103131
5944.848769718845
6451.773174931792
1157.043495954347
2960.520166089396
3514.8277274482325
5562.25907686246
1954.9757498793163
2252.146518621667
4184.5043208910565
2913.0240294682035
2783.431523580178
1030.6338279480285
3510.5213856112473
3325.523071843909
2163.2114658924074
2032.2557354538328
2427.5921442545755
2810.3730929160592
6180.19946260239
1240.1747632022236
2541.893227405676
4653.725712366719
3058.4760472905764
3731.3654198516037
3025.011813239687
2287.7715058367794
2137.5128567143565
394.98820683308145
3219.5187068837304
1411.3254567505098
2835.4642331751784
1391.0890419523541
2144.696981694929
1703.5998634422244
3664.2861407151313
3915.143419499947
2477.689700860843
3483.2341738273844
2994.904690755226
1461.253650737895
752.8118860780681
2508.744055247949
3154.533354835213
879.7206226114945
3106.9921681868586
2134.3358644090317
1938.2138931251122
1530.1647778895365
1445.9490102553295
3708.71736727783
1627.616170015438
979.2916224634502
2272.8698495481794
1605.5976166730281
2078.758472720143
353.02779218893386
1431.657035979101
3669.4860983145163
1417.6643792637472
2183.7975178414536
5149.883998167805
11944.52361854867
1268.1930075089722
2599.9254920407593
1704.1465146139567
1052.7767648784857
1259.1257411243248
1333.1102427296564
2229.52616259839
1820.149969602998
2793.966257645444
2435.0110761117753
2342.5338904362584
2104.8871484451533
1117.2730352688886
574.7639003176212
3489.7192392508045
1605.534355166884
2468.1237502890044
2614.899842249498
902.9982408105691
1805.8087271040692
1276.7215740460722
3308.2699446069178
2554.715823983089
3914.1795427710545
1045.3550413360165
3471.1821439929336
212.4392156779738
3956.308280695111
2278.3585104223976
3108.8121341275814
3670.5840670889907
3381.397083160248
2758.0284093636255
1429.8929918314625
2305.6495717878984
3119.2177742357862
646.2804990010027
5161.530893635813
2470.52792384659
2940.6088663120845
704.3519401847336
1852.715773480275
1799.0422496879892
1420.6465009512292
3259.684470818028
3215.0873832013
3054.4603348731057
2263.072774944872
1751.738849835566
3184.886401204786
1048.2811238790314
1537.7384181418468
1001.6878692907517
910.2055852171904
1181.3742372551253
3376.268750647904
2677.9866107232747
963.1121573535089
680.8769212795596
131.90738839483163
3000.577524561707
1993.2937368064902
994.1616019117
619.1919329312552
1713.7125984349245
2660.5806311325387
514.2754966074568
976.4494359840287
9522.584466663897
2337.8038951490603
1330.821527891918
1012.6033689366482
887.0651631267017
916.5602601341457
3428.4137322773026
1933.9210544766338
3300.8755260916646
1908.5297866020906
1647.5538486531254
4746.14869803359
4580.314887074809
4693.788574402194
1233.7017210837207
722.6901371057421
1974.8222211453522
1469.2652765143573
1559.3187807492561
1395.3830497547194
1768.8508170065863
3338.679327715411
3432.2719355381255
3886.5278295185517
302.75887208074147
351.7852782954154
720.0340401581425
2367.244779337244
1533.151568954505
1006.8283545898757
1988.4094286337352
1945.6757946241837
740.4780331453742
1190.640425870003
1038.699629406447
3344.8351861162623
2950.9165698357947
493.4090489481436
928.6268113986745
2996.889124050743
2348.779823042739
862.8250419461721
3246.0803797878393
3571.616761123236
2858.012071249758
1516.7198577372583
2156.199536848235
1183.1522171468134
1656.8713502648184
881.7572788318558
2935.023968527901
1792.815344138022
678.9636529963097
1838.4363830251148
2171.497585471022
3375.7153654511953
687.9846762387124
978.4386908752745
784.8757073175532
870.333995295407
1072.2802032577194
734.4056749944087
1775.949273377925
2863.653482914005
1957.498992815012
2022.489862424355
1711.650192715421
1877.9052512821904
1711.7552570758394
1753.5127063243738
617.7410893476853
3280.2747752773857
1830.4181463629743
3680.368164717721
1196.6564216668498
2043.1939680452676
1671.5759791423732
2024.9271746260104
2637.1845265457787
1922.0391231354974
1011.0443604552539
3544.8309132175245
1690.302167145588
5042.372913321102
6072.878957560353
63.021595116361304
1612.662307834018
793.6503691937727
1695.5706525469323
1254.1039323663933
3075.9485404152156
1288.501477035874
2400.617488617018
1167.90591151886
1222.436297804284
3665.0435113015787
1828.4080644506805
705.3896737946066
1762.782595509025
1868.5144562349421
1890.2450475749667
831.8239413799529
1577.4586719386778
995.4500867586061
495.78804168001926
354.680822267195
2631.8193878553025
315.3826074772236
3102.6590994953594
1782.666247093762
2119.0251178467765
1353.0267367727618
500.956864358945
2834.0
2998.2119657865283
3035.1734010363143
1086.8488753562906
1559.9828428820072
3818.173611293765
1198.5466489114754
2534.7793771937236
1020.7253292586312
633.6577768259269
749.4003668788583
409.946716788416
1419.9672499133799
873.7327123725528
3620.8222056130626
267.9017056852389
3853.573053062295
1012.2026134783351
1320.362887821958
531.3676512397483
3645.8777635439747
5516.578705968292
2880.552002174831
804.1908874886844
4905.852908510499
641.0951049803017
971.8148999066927
1982.5128830076799
5468.146105375617
1965.4647595322479
2790.001972072625
2518.110805981372
1560.0723836357297
2970.295498750813
1805.0850127893475
2843.8726757987884
211.6623879882957
2752.245277331222
3175.066328605881
6123.810751316972
674.2858644776215
4078.006783943885
1022.281867617371
1059.9721694900704
4134.055886774622
2162.1239021180277
1895.4129873391307
835.390176967642
288.4145598664703
401.892918762264
4252.562159167783
1835.7406654765139
2179.103767465735
3643.6072520664216
115.61081737615623
1380.6497024285459
453.7446924658578
2158.731200391793
2149.6151386676925
658.1640155677455
1460.3657597289414
376.28093897002066
1579.1406061085086
2477.2000059412476
3587.2092801327526
416.8523910139149
302.9845009899534
1493.6667125391846
1839.0791865831009
2025.515689515237
1533.7819257896456
4451.215954696111
1574.159014405511
1197.656957525896
1659.0257606556117
1226.145828565833
1652.651341541999
6275.5949665749995
3430.046848771807
606.6537198796271
372.599541292297
2038.5362002757906
2162.2116771096858
784.4111191002022
732.3873888822022
1184.4467632187855
1933.0019484587601
1994.4336272467053
907.7229451746656
1701.7317247866465
2173.1541734601497
1590.0315688068595
1521.4344461198257
933.6939969555352
863.9773999874744
1423.9696639717533
3518.571177032248
1065.1975335365728
1859.6136506848113
1470.9518735699405
3135.1921749963417
2475.3289723253715
2629.4923371710115
3968.3911872162857
1398.02293356678
818.3821753091676
1752.7142094544681
683.0521356888705
1462.4343582128404
1292.7780531597118
1928.3852483750334
599.3154275910975
2254.3162719599186
448.7749121307268
429.1857657149605
1493.2488559855267
663.7096960916771
1070.449236966522
1469.7442180914634
522.1159855967394
264.88242282842486
2853.120316089925
3571.8276373201525
901.4577191082672
1921.0897192969067
1066.1686699955985
1418.059789203661
1267.8587461538937
1503.4367039808255
822.1995793588428
622.1315421037826
1683.6853368174081
1745.1365597697563
4092.176500585582
2994.6630638212982
1231.6272448303241
305.5243924171764
913.1319494210048
3104.453359253392
2549.051525255809
3476.0479734996757
288.8186765975629
1200.6902013816416
1136.7495315549309
3368.6457270460364
112.46444657048897
1568.0338679756394
3308.235989030586
1925.8803845335835
1910.0124883224335
941.257880423323
1424.7755612463914
1410.5449993396328
4023.6535329290646
877.0078577021748
1227.1464769230897
2045.8705018121902
3438.9178211957706
1281.2577162285218
312.73240106141867
3103.511058784701
1328.5143095955568
691.3575716934981
1117.0206363361958
939.3626438962681
2434.430953435618
115.62080584494949
946.8406852192584
531.4562874974636
1705.617350918142
344.6485118626457
1879.320443571285
256.1388605225572
87.42978410321435
4162.57459561916
1059.5337623338407
1312.5947505625977
1626.4562816770883
2262.564291203047
85.52628348712301
3405.5779204305577
154.36943106703748
72.25771169684448
5207.247635611704
2687.6645980798294
1497.673976941645
3590.4102764691497
2418.8013766964605
1277.8305659085718
2561.219027678081
2225.955972284706
896.3957242465715
1156.4195513538218
1512.3083064686161
467.58449304391394
351.71908382143647
1870.1124474244548
4210.98684193404
1919.632590686251
6015.634512552253
1310.3238363351477
2027.955348796812
3802.0245291407828
1519.1947306710438
1178.2877278680796
1717.4403753149327
343.7884229407422
2059.912377698619
1947.509421066383
705.3531840058586
1680.4581041773545
1067.0606683886
308.02416113833175
1529.3928058485783
905.398567354886
683.3532667891641
1672.339366875598
1120.7535197121172
349.12037317718017
1209.4320543540573
2832.0187388476493
688.4210053647894
802.8153035855323
2611.9999217966165
295.77532685882557
3326.1555559298804
1764.770464435194
293.9481246460147
1786.4006641678268
346.68243789649193
7856.42262247233
1026.3107098479013
378.41066250223224
722.3532351536061
223.52642757204023
698.7830707120143
62.24601776581285
1374.9505541023789
609.2034696663336
371.8533581648661
1507.573833931138
3452.432922686242
1321.103295950336
242.59141648086015
939.011250271981
1593.619841850861
1271.9425060347983
1038.3758734366834
1709.1929778567164
894.6132542597483
29.31673705353954
1099.6829817366895
576.7866587524127
156.00550839198664
646.3937534453379
838.0839818766606
1471.4596655995902
1292.8469746931146
1079.9918890667632
1449.3135079314604
2090.2051103033655
875.5056611812606
1027.1978102047206
1267.4369485102259
1294.591500159238
2696.7975931440355
1414.745673643814
1032.5672097402269
825.1298050815342
1072.201394658635
1995.9766146008153
2519.8455897074637
1987.4424691587176
1474.8526642355077
392.79472362180326
453.84138890487907
1022.9733795790596
643.0114310540296
911.3473831712047
1031.3907688101901
759.0159227495682
1230.2004241211366
1465.6080654174418
543.0416197357548
2170.724934283866
2267.094936554752
1574.0983722973929
6087.029643016536
3698.172633394312
252.70958638497385
1290.4554461194248
1735.873968271791
736.3378250497179
2070.262661095263
1574.614468802416
1481.417410573748
1279.0402007917041
1330.4251602292593
713.549777348421
306.88502480889167
498.9354707361564
2068.777418588256
1793.5568157227633
3103.6759657443613
1895.170665414499
1339.9968605811912
1785.7562408987264
920.0797655677911
51.06445558236858
912.1627226886335
841.7922423047231
412.85532503697203
4723.641847063787
863.9727997536875
418.79890523016303
452.5829646165277
2678.664528358919
1094.0061190230767
615.5917331851712
162.9326529835905
2143.2288793909743
1001.1139174292542
3025.139412652945
1476.1588065698625
938.778900626749
518.430803933157
295.99953868930805
340.0118477846976
1477.0406984650847
232.34714726955642
2260.615971352921
1198.3021741124583
829.9752769375286
1532.3737365970528
941.6825352353414
1401.0056331763844
7730.643851533304
2447.666225517103
1957.7202044717176
1264.5616754978507
928.8923165390344
13339.493666392762
1926.5368346955647
3521.635754750342
769.9911580350638
5216.950046335534
1317.6751583922985
2202.549081452847
1971.6100031996853
3458.7648207493035
784.045912376121
1090.4435820510812
855.5630187679674
1504.253641973254
389.9478473406745
2167.5040257975506
550.3963173342931
795.7248552497106
470.0854480345813
3814.8441329165657
2673.843041599716
669.7065037973847
208.04607540897854
981.5751954080798
192.2301861288917
523.6538483119397
66.71443100448056
604.4726724270131
2023.902085995893
202.96222626238952
1499.082527729224
2428.480329586266
3233.9975400051294
1335.832114431262
386.03375312544534
1436.380638253961
2189.0422827249863
716.1669593780584
1940.067694680914
1161.2533730253751
1321.5838934358521
837.6080165757388
1637.788422149386
1888.5955990614862
4031.006763037802
1806.5808743514365
1853.5118058276373
2552.78885364888
818.985068379096
403.40779571581345
106.86204290801417
697.664562088138
1462.188462719971
1736.682086761751
135.81819354006993
1144.0063994155262
664.0738728183302
23.745897187047984
2712.518828575039
750.9172303877496
1306.190458456124
243.63228266279145
1262.2579918128233
2054.090324358966
2581.4184200389927
1305.073597770972
2234.0198992278883
737.5630947282627
343.16182669095735
1783.3487130885292
1387.0083082238868
797.1574172652205
875.2939927185448
867.2007807415617
469.6300562739689
667.0288555664639
474.9741928225818
3286.052014051961
1866.6191200559165
544.8281751459117
1248.7120971071743
1560.4285559725304
867.5019042278932
468.0269080726864
1688.0552808745913
797.7344006638037
658.848414248732
1385.7599624024906
441.9253180956812
1770.0251960245903
2882.639596434383
924.0980260463705
603.6878429453025
344.03476362987357
1028.4954114092372
1604.3890453321906
192.42542997187368
2228.9331987053047
1493.7149139943806
1666.7558732855778
417.5552399394161
974.0553693922224
905.4151938578544
1325.6419718592456
401.669573811827
83.55542059370933
687.8279975869674
957.2530792720737
1044.1247679568523
745.0509419678715
41.089000684937574
448.5757188362906
808.0910140210607
178.858525468692
311.2506021531017
1516.2291550761545
1168.8636402778309
1616.16152803615
1291.1752813063517
948.9969828389173
786.9417800239512
188.72013626856446
2960.3409998029347
952.0073387187637
1112.4253236341576
1568.9609752090855
1218.975958891562
1265.8724136196552
1974.483120134018
47.2944980478675
904.7842424929562
280.68998964670794
3375.0890862438396
454.2587306833455
1736.8851556932918
596.6451351552909
871.3595944216396
381.8308440547101
912.5366485367111
1066.6613291293793
480.2203731590147
2326.949979685226
2070.468958537227
1938.1243174665638
1595.1173945260152
271.6953040866987
863.9109831930367
2357.8907855260595
2342.1527303796192
1597.0120717449183
648.2086502688578
2359.2188797917183
3242.13733996331
5123.927165784605
1593.059112806854
680.4707348997028
296.3115578925193
1298.2927355495717
1524.2366772332703
934.3620542036128
247.03927647140148
897.8515493186674
2073.9498599405565
665.1950170520363
2053.268700079773
505.89543631820254
2579.4454045194793
1872.8982171501686
1611.2042107705215
421.3588634572874
229.7392385021374
2916.258992741413
1851.5984873607254
904.8340500315344
816.1486494672602
220.09960436240922
464.40083228663394
1200.5924916535998
1312.594750531351
1286.3267109552216
1317.7109862323387
575.863440330812
410.9735112717519
919.7030972053149
212.0358547659845
581.4041343580951
1248.24171847137
2024.9988276849788
265.2643038920262
63.596585677615984
489.54464947985235
1102.8170611893718
1028.546378999683
761.8295449319833
4502.607556066294
2310.698131566087
1449.260867099662
3078.2764894693923
573.5844868214506
1165.1386596682157
1937.7562495736963
463.0020293443841
3276.459210463368
503.91643469409706
355.8946393246149
1469.9014527880242
211.251776723209
1492.826265947264
378.6228029585044
200.70465896622926
705.917148123313
1152.908017023871
779.9435804867527
1477.403018264774
1355.0375359191814
778.3580175751938
991.8902908907967
1829.253454878118
1211.0070551035296
51.45600884879672
1677.328016969282
2197.06768556364
292.95903271932167
1311.775619224842
1165.7789197457923
1928.3445428888379
1407.3550039133215
551.1123054771988
684.146194397833
695.7704894741255
1040.0781635993774
538.817936438639
2764.4201484146247
465.3233965679696
2110.0601028032997
236.39951169401655
844.4063296394057
1079.1357761810216
635.6093581250541
493.5143060185851
778.5551960205446
1792.6127363447283
938.8533801979742
2397.9647083466707
1616.385749384846
804.6023906900914
1494.9681689282006
765.1500912930393
1024.6288594452694
3.355675325044002
182.91359118437148
435.95369624364383
314.33035400180177
792.6490460867943
208.036077855138
4282.445328392707
2382.15898426888
812.5889539694059
1129.6757009100152
403.3953237957194
1135.1591891797723
474.70296012710145
1379.2868129971484
1200.380858473619
1307.6689107301872
314.4051116079593
625.4721017858965
2654.9092730862135
1637.0933998466655
2149.1095783242567
2054.657608926052
1244.5388194102784
66.81283045062796
936.1793470493642
1869.7365368374078
635.0318477634819
770.2045929550017
1032.6746822557595
761.1774488738074
421.27462705690743
744.6648804653646
495.5180100281421
316.8953846756087
1981.685901080631
484.3484704553074
1001.6966693219185
1848.9836008513416
629.2951356539509
3048.9257916509773
2772.8814563932287
1518.4493370934497
2020.2519841525734
50.95017295053857
996.5952470860099
1285.0243074467523
199.65668282001926
894.612877464104
433.81509731170684
2264.016539112775
81.5999821313543
3109.42074062447
1285.2699195911707
380.4983979022412
5950.307526876455
622.0902140015004
3316.0229652352514
2242.578788256006
793.5297286545159
6.195228297693767
2312.6123454003096
1179.295893990302
124.35120512294378
1276.8879653874355
2454.239666403156
1207.6060333133169
253.46565351147615
3876.8792921487698
792.9349497976647
1352.586975819188
1733.310701779724
94.51221451137188
3117.4530093024177
1171.5846758631506
958.4108841725773
1277.5750515220072
893.569645225798
1403.3778187590026
175.49871840457428
302.40032420089256
223.0912290652297
1833.2114928834874
88.6324759184471
781.6744229009624
1083.3097523931247
280.87282541136807
817.5756045740997
669.877581003019
498.1758094165719
2671.0235289769917
1830.0255048814013
853.5566986234186
572.8755203167563
265.8335510550107
2469.357393433075
371.66033110741523
1925.1557218082273
1408.400608001366
1239.870423153506
709.2221994814062
1409.6749032770597
2336.355555832431
81.92558352661156
581.9259338309661
685.3126369088756
680.5031616634055
1613.5370166529442
686.1945230843377
322.6829793827472
1264.039238952382
1422.2609775837548
1265.6916274190903
894.553367598609
1019.5822433753126
1899.9069544939682
1135.3608026444206
967.2384912635721
1488.67776503344
675.4430258970658
1078.6802722940045
1399.70338482918
1394.8121006739532
139.3650751960757
1609.0566493632023
944.2845527052696
973.8061551003652
758.7046280923224
1190.2481096783793
725.4268544833998
12.60850814515488
1483.9062015946736
836.61583608168
772.6076318105094
1787.3204277907903
606.8751694500519
853.493422136406
643.719414285224
520.2742331527396
181.27217021591042
401.8384499730745
950.7588846328522
781.8818962130921
267.20170349822314
727.1752546194163
1196.9523723126308
1008.9907986542199
839.1521365580867
193.47080077429507
3112.251700192006
1083.2398519913081
791.5791008663991
600.3945439322507
1670.1766614250926
1711.4468792384005
1320.9022685727025
1878.8052347828448
244.00891173036294
1410.8183173932096
3706.2247332164443
2986.2666707600474
1150.2285784303926
590.6863803440572
672.9537794590802
637.3210884058228
636.0512503567758
311.2803551699321
297.37606161985616
989.8835521643047
1006.8644262518237
2418.591892032477
392.49368098975236
635.1783897121858
1260.7918402453174
1733.4375534482215
1300.7958435478376
536.04633985937
1004.2549709199018
1080.9920872696223
935.8222582988983
2563.1893659945495
516.6443606314151
782.2967318290262
497.10273382769606
779.3859259351198
921.6985559441374
889.4844611122157
186.16522506118034
1230.3176113713394
196.33668442286955
2648.3805224804705
1727.2011187471812
2070.8681066291065
247.29308706991034
624.4893802703725
2157.651469078319
526.3231071891164
284.71849131260603
2064.704118838822
403.2247612770386
250.68559624922878
2488.241795768225
2655.2986570545136
986.2373326909084
1938.8286180705695
808.3840096045392
1026.8370750940232
1238.8699767608023
1784.4239040930063
1073.683248656924
1302.5217595084432
243.8871478625127
366.2140779144002
773.9459689133125
735.092011495514
684.1623042122574
3040.812764139953
2268.2238280354723
687.9106135997231
1733.9059546383708
498.61277686936575
4354.231538154278
2285.1172823551065
569.0889610377993
3234.1939540630297
233.49727707839932
1347.4539542376062
620.7132230895223
479.8938811535692
835.2403256781768
1317.1127172450754
1113.549293634019
475.1251771085825
1790.6325670552108
653.8429412405167
1158.6523221176894
1421.617178646156
1646.7382070877477
673.626389375805
769.060593902048
1246.360291109467
3358.992663623234
342.35333556988456
1617.0217095201194
481.3906824047672
808.7797944976262
552.7440086212034
159.0398099777432
885.4115883447155
21.211051429451242
1156.5629342568031
385.3863224112706
35.31688433768658
848.9571631539953
18.616497926903754
1985.2325760894696
2096.7713614137124
2050.566763953563
945.7260746496703
629.2474773954249
803.0760881286105
206.31880462956653
1813.8798170936234
781.4781440526317
1663.847207488
853.6077594093478
1277.409869040931
2346.0187778855284
1108.2910053140386
398.1673027325903
1040.7272575212976
2684.35662501219
1406.3854200360959
330.4241540860073
1311.8012779373876
890.4680842787222
1372.034768102783
3297.35296414667
336.05119590397936
295.35837749442936
329.9486118201752
1197.316120413574
618.129128983925
1120.347317845797
1959.1565887784895
2569.44448668437
1949.6850034521506
1186.6315281507977
2813.0851235561145
243.33016970042803
1205.0119844592357
1067.47961353495
613.5457834325163
339.0501279873607
887.050478094188
233.95008735285828
2486.6207488800083
784.7472115114633
1100.8273138404022
947.5274887955347
1828.8939453163503
80.40185286243464
620.9170396910409
517.3620075366717
12.037879399363224
503.1627348435324
335.64719378585363
312.215766722715
117.8595281603296
1357.8850274040312
826.2608312351808
307.42655779904743
191.62102338713683
1563.6211060604455
355.0159226014792
767.7837361028689
1732.0322904683264
568.2112231404722
38.15672332684201
386.86821311880266
1758.0940602866237
736.2683693226411
376.4746709405042
2530.8461905149643
1838.833124253983
1499.4534811039396
1240.8197999421836
1346.5451037865819
51.59078890615842
913.4853609311322
3730.7148279203593
1020.0956079380064
415.5376999483995
636.3558936753046
62.801791779915106
4131.271030488928
1713.9562951705198
1205.4524690243645
1669.7388907646791
2136.4230045199756
457.83060886724496
1123.869663147835
832.9228731682048
186.70157416697904
418.12995395702984
2147.452481950512
1724.4304940097309
1218.5617001264002
2558.8844005924
1926.441707585901
644.0459528582625
610.2692809340596
703.5258837362577
237.01062542119834
2055.777841824258
1336.0326857488735
197.25069319607445
1647.662893575662
2122.65430925111
528.743441142176
10124.440049894982
1279.4971027116187
2827.311026197011
1066.7682093756475
2222.0533463161055
4396.9896212839785
1218.3784833232987
1117.7370106940639
758.3560814754807
2350.881734065421
680.0295819259647
4054.6652689435136
1251.674422534257
190.36910596360215
1400.9610741753945
1007.9860396999545
711.1762551170774
1132.234415294371
900.4912944347014
2905.3095545250294
1013.5923373012653
1194.8331237167026
1375.1176534176006
748.4815046735499
1029.678703223481
2420.476695115083
1879.2178230885565
676.8266370508746
168.46413949270044
5303.211001990413
1972.6725862555897
1116.502094178265
61.948344519579145
1049.4941866879908
1422.8188378178047
449.64882104090316
61.48513384555679
946.0549632011367
969.0033110197976
1275.6592984974227
4315.216123198755
1334.951784331166
496.8817449398638
800.5040460066731
885.700878895646
1715.7344953362513
125.08458294618758
1930.997071357049
629.5846591905365
1524.827822944928
497.50260586347144
1346.3264557831676
1277.72757361518
597.4726170300474
505.1240671179327
2057.6732799900046
1337.690016111924
430.1188707062208
2068.3141996297804
804.1531961019904
361.14435930788875
682.4634777345914
546.9625123241858
783.0664518331536
800.0139174891066
443.19576622431555
25.42806925399952
2120.2890341200437
1649.226069444274
2999.737318518467
2074.248961575051
3168.383465438565
125.025102585782
179.20281156604162
1725.2132259231114
514.246492599618
576.0
514.2464925996854
1725.213225923175
179.20281156605074
125.0251025857812
3168.383465438426
2074.2489615750137
2999.7373185184647
1649.2260694441648
2120.2890341200905
25.428069254003407
443.1957662243338
800.0139174891061
783.066451833104
546.9625123241578
682.463477734505
361.14435930788363
804.1531961020727
2068.3141996298773
430.11887070626085
1337.6900161119415
2057.673279989936
505.1240671179252
597.4726170300175
1277.7275736151623
1346.326455783163
497.50260586345894
1524.8278229449134
629.5846591905325
1930.9970713569921
125.08458294617901
1715.7344953361123
885.7008788956391
800.5040460066547
496.8817449398752
1334.9517843312542
4315.216123198769
1275.659298497382
969.0033110197919
946.0549632011114
61.48513384554845
449.64882104091083
1422.818837817819
1049.4941866880733
61.94834451958175
1116.5020941781827
1972.6725862554888
5303.21100199021
168.46413949269632
676.8266370509567
1879.2178230886102
2420.4766951152565
1029.6787032234788
748.4815046734957
1375.117653417558
1194.8331237166904
1013.5923373012995
2905.3095545251103
900.4912944347283
1132.2344152944381
711.1762551170671
1007.9860396998776
1400.9610741753606
190.36910596358672
1251.6744225341565
4054.66526894429
680.029581925981
2350.8817340656046
758.3560814754807
1117.7370106940098
1218.3784833232546
4396.9896212839485
2222.053346315998
1066.7682093756866
2827.31102619702
1279.497102711635
10124.440049894885
528.7434411421087
2122.6543092510456
1647.6628935755127
197.2506931960788
1336.0326857490493
2055.777841824357
237.01062542122418
703.5258837362713
610.2692809340568
644.045952858259
1926.44170758593
2558.8844005923233
1218.5617001264395
1724.430494009771
2147.4524819506128
418.12995395701955
186.70157416696412
832.9228731681629
1123.869663147781
457.83060886724905
2136.423004520054
1669.7388907647364
1205.4524690244323
1713.956295170542
4131.27103048872
62.801791779912996
636.3558936753159
415.53769994855367
1020.0956079379358
3730.7148279203725
913.4853609311743
51.5907889061579
1346.5451037864811
1240.8197999421504
1499.4534811039005
1838.833124253974
2530.846190515104
376.47467094050154
736.2683693226656
1758.09406028665
386.8682131187585
38.156723326845146
568.2112231404586
1732.032290468372
767.7837361028837
355.01592260149084
1563.62110606052
191.62102338713504
307.4265577990284
826.2608312351497
1357.8850274040187
117.85952816033084
312.2157667227303
335.64719378585767
503.16273484356077
12.037879399364463
517.3620075366516
620.9170396910246
80.40185286242425
1828.8939453163587
947.52748879554
1100.8273138404188
784.7472115114789
2486.620748879983
233.95008735283372
887.0504780941509
339.0501279873131
613.5457834325163
1067.4796135350532
1205.0119844592687
243.33016970043494
2813.0851235562027
1186.631528150735
1949.685003452374
2569.4444866843164
1959.1565887788179
1120.3473178458169
618.129128983925
1197.3161204136065
329.94861182016035
295.3583774944102
336.0511959039938
3297.352964146517
1372.0347681027786
890.4680842788125
1311.8012779374328
330.4241540860076
1406.3854200361045
2684.356625012047
1040.7272575212733
398.16730273256746
1108.291005314004
2346.0187778854706
1277.409869040928
853.6077594093739
1663.847207487974
781.4781440525975
1813.8798170935472
206.31880462955337
803.0760881286072
629.2474773955024
945.7260746497016
2050.566763953723
2096.7713614137433
1985.232576089384
18.61649792690117
848.9571631539723
35.316884337687746
385.38632241130534
1156.5629342568373
21.21105142945304
885.4115883447124
159.03980997771185
552.7440086211593
808.7797944974405
481.39068240484966
1617.0217095201326
342.353335569883
3358.992663623388
1246.360291109492
769.0605939020303
673.6263893758033
1646.7382070877338
1421.6171786461366
1158.6523221177092
653.8429412405159
1790.63256705529
475.1251771085709
1113.5492936339522
1317.1127172450263
835.2403256780976
479.89388115357156
620.7132230896342
1347.4539542376788
233.49727707841913
3234.1939540630865
569.0889610377567
2285.11728235509
4354.231538154242
498.61277686936575
1733.9059546384162
687.9106135997268
2268.2238280355496
3040.812764139932
684.1623042122548
735.0920114954662
773.9459689133112
366.21407791440197
243.88714786253558
1302.5217595085026
1073.6832486569976
1784.4239040930256
1238.8699767607563
1026.8370750940064
808.3840096045192
1938.8286180706853
986.2373326909316
2655.298657054502
2488.241795768318
250.68559624923523
403.22476127700423
2064.7041188387343
284.7184913125354
526.3231071891191
2157.6514690785375
624.4893802704044
247.2930870699238
2070.868106629141
1727.201118747108
2648.3805224804273
196.33668442285224
1230.3176113714226
186.16522506118983
889.4844611122435
921.6985559441886
779.3859259351224
497.1027338276601
782.2967318289769
516.6443606313452
2563.1893659945495
935.8222582988236
1080.9920872696334
1004.254970919954
536.0463398593774
1300.7958435477722
1733.4375534481971
1260.7918402452797
635.1783897121193
392.4936809897884
2418.591892032499
1006.8644262518636
989.8835521642811
297.3760616198395
311.2803551699135
636.051250356662
637.3210884058235
672.9537794591639
590.6863803440747
1150.2285784304765
2986.266670760088
3706.2247332163133
1410.8183173931855
244.00891173036365
1878.8052347827622
1320.9022685726895
1711.4468792384182
1670.1766614251535
600.3945439322381
791.5791008663384
1083.2398519912604
3112.251700191946
193.4708007742926
839.1521365581084
1008.990798654257
1196.9523723127586
727.1752546194127
267.2017034982028
781.8818962130752
950.7588846328498
401.83844997307096
181.2721702159002
520.2742331527512
643.719414285274
853.4934221363924
606.8751694500165
1787.3204277907255
772.6076318104014
836.6158360816778
1483.906201594749
12.60850814515906
725.4268544834678
1190.2481096783997
758.7046280922981
973.8061551003414
944.2845527052525
1609.05664936324
139.36507519608384
1394.812100673983
1399.7033848292206
1078.6802722939992
675.4430258970218
1488.6777650334043
967.2384912636041
1135.3608026444206
1899.9069544941626
1019.5822433753607
894.5533675986451
1265.69162741912
1422.2609775836706
1264.0392389523745
322.68297938272497
686.1945230842599
1613.5370166530429
680.5031616634194
685.3126369089068
581.9259338309611
81.92558352660512
2336.355555832338
1409.6749032770467
709.2221994814062
1239.8704231536346
1408.400608001415
1925.15572180839
371.6603311074168
2469.3573934329547
265.8335510549955
572.875520316734
853.5566986233762
1830.0255048814565
2671.0235289770526
498.17580941657985
669.8775810030311
817.5756045740352
280.8728254113583
1083.3097523931096
781.674422900968
88.63247591845737
1833.2114928835806
223.0912290652357
302.4003242008791
175.49871840456646
1403.377818758995
893.5696452258433
1277.575051522181
958.4108841724542
1171.5846758630912
3117.453009302482
94.51221451135886
1733.3107017795855
1352.5869758191445
792.9349497975677
3876.879292148753
253.46565351149664
1207.6060333133553
2454.2396664033345
1276.88796538744
124.35120512293989
1179.2958939902926
2312.612345400255
6.195228297693424
793.5297286545178
2242.578788256048
3316.022965235404
622.090214001504
5950.307526876137
380.49839790225093
1285.2699195911975
3109.420740624468
81.59998213134165
2264.016539112831
433.81509731171747
894.612877464107
199.6566828199893
1285.0243074467437
996.595247085958
50.95017295054809
2020.2519841525525
1518.4493370934806
2772.8814563933206
3048.9257916509405
629.2951356538958
1848.9836008512982
1001.6966693218787
484.3484704553149
1981.6859010808014
316.8953846756256
495.5180100281839
744.6648804653751
421.27462705689356
761.1774488738033
1032.6746822557573
770.2045929547965
635.0318477635467
1869.7365368374387
936.1793470494266
66.81283045062209
1244.5388194102209
2054.6576089259956
2149.1095783242567
1637.0933998466523
2654.909273086236
625.4721017859368
314.4051116079644
1307.6689107301934
1200.3808584735234
1379.2868129971082
474.7029601270795
1135.1591891797862
403.3953237957375
1129.6757009100108
812.5889539694437
2382.15898426885
4282.445328392446
208.03607785512804
792.6490460867304
314.33035400180205
435.95369624374797
182.91359118438092
3.355675325044125
1024.628859445278
765.1500912930011
1494.9681689281747
804.6023906900442
1616.385749384847
2397.964708346712
938.8533801979927
1792.612736344771
778.5551960205316
493.51430601857675
635.6093581250354
1079.1357761807944
844.4063296394753
236.39951169412717
2110.060102803461
465.32339656800593
2764.4201484146774
538.8179364386518
1040.0781635993633
695.7704894740932
684.146194397797
551.1123054772215
1407.355003913343
1928.3445428889631
1165.7789197457723
1311.7756192247416
292.9590327193269
2197.067685563475
1677.3280169692816
51.45600884881851
1211.007055103595
1829.2534548782062
991.8902908908168
778.3580175751331
1355.0375359191814
1477.4030182647127
779.9435804867655
1152.908017023941
705.9171481233388
200.70465896624663
378.6228029584984
1492.826265947175
211.25177672319805
1469.9014527879192
355.8946393246172
503.91643469411747
3276.4592104634244
463.00202934442274
1937.7562495737031
1165.1386596681625
573.584486821437
3078.2764894693883
1449.2608670998156
2310.6981315661014
4502.607556066343
761.8295449320093
1028.546378999673
1102.8170611892906
489.5446494798584
63.596585677592394
265.2643038920227
2024.9988276852441
1248.2417184714016
581.4041343581251
212.0358547659915
919.7030972053176
410.9735112717513
575.8634403308263
1317.7109862324005
1286.3267109552528
1312.5947505313873
1200.5924916536294
464.4008322866347
220.0996043623942
816.1486494672607
904.8340500314382
1851.5984873607254
2916.2589927414483
229.73923850215107
421.3588634572896
1611.204210770526
1872.8982171500652
2579.44540451943
505.8954363182431
2053.2687000798146
665.1950170520608
2073.9498599405983
897.851549318765
247.03927647140128
934.3620542035484
1524.236677233197
1298.2927355495174
296.31155789252335
680.4707348997927
1593.0591128069448
5123.927165784871
3242.1373399633535
2359.2188797916338
648.2086502688817
1597.0120717450122
2342.152730379536
2357.8907855260313
863.910983193042
271.6953040866969
1595.1173945260039
1938.1243174664855
2070.468958537193
2326.949979685158
480.22037315901656
1066.6613291294225
912.5366485367332
381.83084405472704
871.359594421642
596.6451351552345
1736.8851556932723
454.25873068333897
3375.0890862437727
280.6899896467314
904.7842424929632
47.29449804786047
1974.4831201339757
1265.8724136195908
1218.9759588915406
1568.960975208889
1112.4253236341533
952.0073387188131
2960.3409998030397
188.72013626857807
786.9417800239708
948.9969828388811
1291.1752813063456
1616.1615280360895
1168.8636402778407
1516.2291550761854
311.25060215310054
178.85852546871402
808.0910140210602
448.57571883625496
41.089000684933474
745.0509419678408
1044.1247679568487
957.2530792723372
687.8279975870522
83.55542059371236
401.66957381183613
1325.6419718592188
905.4151938578392
974.0553693921638
417.5552399393985
1666.755873285687
1493.7149139944186
2228.9331987054425
192.4254299718719
1604.3890453320846
1028.4954114091902
344.03476362983116
603.6878429453084
924.0980260464771
2882.6395964345356
1770.025196024754
441.9253180956888
1385.7599624024674
658.8484142487183
797.7344006637618
1688.0552808746695
468.0269080726896
867.5019042279074
1560.428555972595
1248.7120971071658
544.8281751458654
1866.6191200558435
3286.0520140518233
474.97419282258676
667.0288555665043
469.63005627396797
867.2007807416317
875.293992718554
797.1574172651788
1387.008308223861
1783.3487130885615
343.16182669109185
737.5630947281792
2234.0198992278856
1305.0735977710206
2581.4184200389545
2054.0903243588004
1262.2579918127985
243.63228266276013
1306.1904584561137
750.9172303878178
2712.518828575167
23.74589718704761
664.073872818341
1144.0063994154627
135.81819354006495
1736.682086761732
1462.1884627200047
697.6645620881767
106.86204290801439
403.4077957158332
818.9850683790946
2552.788853648715
1853.511805827608
1806.580874351367
4031.006763037803
1888.5955990616467
1637.788422149413
837.6080165758077
1321.5838934358605
1161.2533730253438
1940.0676946808626
716.1669593780174
2189.0422827249417
1436.3806382539901
386.0337531254494
1335.8321144313445
3233.9975400050944
2428.4803295861284
1499.0825277291763
202.96222626236786
2023.9020859958948
604.4726724271402
66.71443100448084
523.6538483119953
192.23018612889877
981.5751954080662
208.04607540898724
669.7065037974284
2673.8430415995476
3814.8441329165544
470.08544803458364
795.7248552496972
550.396317334285
2167.5040257974124
389.94784734066036
1504.253641973255
855.5630187679708
1090.4435820510173
784.0459123761641
3458.7648207494203
1971.6100031997023
2202.5490814527484
1317.6751583922733
5216.950046335471
769.9911580350383
3521.6357547503203
1926.5368346956027
13339.493666393075
928.8923165390164
1264.561675497835
1957.7202044716103
2447.6662255169795
7730.643851533294
1401.0056331764822
941.6825352353716
1532.3737365971192
829.9752769375411
1198.302174112387
2260.615971352868
232.34714726953123
1477.0406984650913
340.01184778474226
295.99953868930584
518.4308039331775
938.7789006267359
1476.158806569739
3025.1394126528958
1001.1139174290955
2143.228879390967
162.9326529835373
615.5917331851987
1094.006119023152
2678.664528358952
452.58296461651065
418.7989052301533
863.9727997536567
4723.641847063676
412.85532503697317
841.7922423047419
912.1627226886843
51.064455582365774
920.0797655677015
1785.75624089865
1339.996860581121
1895.170665414499
3103.675965744536
1793.5568157228306
2068.7774185884396
498.935470736167
306.88502480888855
713.549777348398
1330.4251602292397
1279.0402007918005
1481.417410573781
1574.614468802443
2070.262661095384
736.3378250497078
1735.873968271702
1290.4554461194089
252.70958638497638
3698.172633394327
6087.029643016578
1574.0983722974458
2267.0949365549013
2170.724934283901
543.0416197357539
1465.60806541744
1230.2004241211262
759.015922749669
1031.3907688101647
911.3473831711756
643.0114310540996
1022.9733795790391
453.8413889048429
392.79472362177836
1474.8526642354357
1987.442469158719
2519.845589707544
1995.976614600872
1072.2013946587197
825.1298050815443
1032.567209740172
1414.7456736437794
2696.7975931441138
1294.5915001592232
1267.436948510282
1027.1978102047387
875.5056611813277
2090.2051103033646
1449.3135079313663
1079.9918890667304
1292.8469746929843
1471.4596655995917
838.0839818767395
646.3937534453547
156.00550839200125
576.7866587524176
1099.6829817366217
29.316737053537192
894.6132542597306
1709.1929778566318
1038.375873436731
1271.942506034811
1593.6198418509273
939.0112502719734
242.5914164808301
1321.103295950303
3452.432922686172
1507.5738339311404
371.8533581648603
609.2034696663512
1374.9505541024623
62.246017765816134
698.7830707120016
223.52642757203296
722.3532351536156
378.4106625022286
1026.3107098479159
7856.42262247243
346.68243789651905
1786.4006641678052
293.9481246459871
1764.770464435166
3326.1555559296503
295.7753268588242
2611.999921796625
802.8153035855466
688.4210053647905
2832.018738847648
1209.4320543539982
349.1203731771637
1120.7535197120596
1672.3393668755764
683.3532667891448
905.3985673549116
1529.3928058486322
308.0241611383274
1067.0606683885105
1680.45810417729
705.3531840057572
1947.5094210663792
2059.91237769878
343.7884229407378
1717.440375315039
1178.2877278680874
1519.194730671025
3802.024529140758
2027.9553487966955
1310.3238363351966
6015.634512552225
1919.6325906862996
4210.986841934083
1870.1124474244284
351.71908382141766
467.58449304386954
1512.308306468416
1156.4195513538325
896.3957242468057
2225.9559722848094
2561.219027678238
1277.830565908582
2418.801376696335
3590.410276469095
1497.6739769416508
2687.664598079764
5207.247635611681
72.25771169684391
154.36943106705348
3405.5779204305336
85.52628348710495
2262.56429120292
1626.4562816770654
1312.594750562609
1059.5337623339042
4162.574595619323
87.4297841032066
256.1388605225604
1879.3204435712346
344.6485118626466
1705.6173509180985
531.4562874975138
946.8406852193041
115.62080584494895
2434.430953435724
939.3626438962777
1117.020636336139
691.3575716934741
1328.5143095954993
3103.511058784733
312.732401061482
1281.2577162285727
3438.917821195997
2045.8705018122193
1227.1464769230354
877.0078577022192
4023.6535329291487
1410.5449993398079
1424.775561246331
941.257880423356
1910.0124883224596
1925.8803845334912
3308.2359890303637
1568.0338679755466
112.46444657046983
3368.6457270460364
1136.749531555029
1200.6902013816953
288.81867659756773
3476.0479734997284
2549.0515252557425
3104.4533592533567
913.1319494209879
305.5243924171861
1231.6272448303844
2994.6630638213755
4092.176500585821
1745.1365597697475
1683.685336817315
622.1315421037483
822.1995793589022
1503.4367039808294
1267.8587461539094
1418.0597892036847
1066.1686699956756
1921.089719296902
901.457719108204
3571.827637320085
2853.1203160899818
264.88242282838667
522.1159855967975
1469.7442180914923
1070.4492369665988
663.709696091682
1493.2488559854328
429.1857657149281
448.77491213068873
2254.3162719599254
599.3154275911774
1928.3852483751314
1292.7780531597969
1462.4343582128763
683.0521356888553
1752.7142094544888
818.3821753091743
1398.0229335663391
3968.3911872162125
2629.49233717099
2475.3289723253674
3135.1921749963058
1470.9518735698184
1859.6136506847126
1065.1975335365205
3518.571177032231
1423.9696639718172
863.9773999875001
933.6939969555847
1521.4344461198402
1590.03156880675
2173.1541734600664
1701.7317247866347
907.722945174608
1994.433627246763
1933.0019484587701
1184.4467632188127
732.3873888821892
784.4111191001529
2162.2116771095953
2038.5362002756558
372.5995412922975
606.6537198795943
3430.0468487718695
6275.594966575416
1652.6513415420216
1226.1458285657543
1659.0257606555863
1197.6569575258286
1574.1590144055488
4451.215954696167
1533.781925789694
2025.515689515356
1839.079186583093
1493.6667125391318
302.9845009899276
416.852391014015
3587.2092801329545
2477.200005941437
1579.1406061085916
376.28093897006903
1460.3657597289098
658.1640155676893
2149.615138667633
2158.7312003917755
453.74469246588984
1380.6497024286161
115.61081737616257
3643.6072520666394
2179.1037674657214
1835.7406654764352
4252.562159167647
401.8929187622392
288.41455986646986
835.3901769677279
1895.4129873392196
2162.123902118166
4134.055886774673
1059.9721694900518
1022.281867617351
4078.006783943828
674.2858644777114
6123.8107513170535
3175.0663286059075
2752.2452773313717
211.66238798829986
2843.87267579856
1805.0850127893095
2970.2954987507037
1560.0723836357297
2518.11080598146
2790.0019720727346
1965.4647595323613
5468.146105375688
1982.51288300758
971.8148999066865
641.0951049803062
4905.85290851038
804.1908874886897
2880.5520021747743
5516.578705968437
3645.8777635439133
531.3676512396958
1320.3628878219065
1012.2026134783871
3853.5730530622864
267.9017056852897
3620.8222056132217
873.7327123726061
1419.967249913398
409.9467167883784
749.4003668788403
633.6577768258887
1020.7253292586893
2534.779377193767
1198.5466489115101
3818.1736112938625
1559.982842881987
1086.8488753562165
3035.1734010362666
2998.211965786487
2834.0
500.9568643589431
1353.0267367728118
2119.02511784694
1782.6662470937697
3102.6590994951766
315.38260747721097
2631.819387855176
354.6808222671498
495.78804168004285
995.4500867586175
1577.4586719387444
831.823941379938
1890.2450475748087
1868.5144562348562
1762.78259550888
705.389673794606
1828.4080644508604
3665.043511301694
1222.436297804382
1167.905911518871
2400.6174886169
1288.5014770358484
3075.9485404152747
1254.1039323664713
1695.5706525469761
793.6503691937862
1612.6623078341192
63.02159511635753
6072.878957559986
5042.372913320916
1690.3021671454474
3544.8309132175177
1011.0443604552729
1922.039123135554
2637.184526545942
2024.9271746260072
1671.5759791422895
2043.1939680452388
1196.6564216668125
3680.3681647176845
1830.4181463629805
3280.2747752774094
617.741089347723
1753.5127063243451
1711.7552570757364
1877.905251282118
1711.6501927154363
2022.489862424363
1957.4989928150767
2863.6534829141183
1775.9492733780269
734.4056749944162
1072.280203257691
870.3339952954045
784.8757073174933
978.43869087531
687.984676238731
3375.715365451236
2171.4975854710924
1838.4363830251039
678.9636529962206
1792.8153441379661
2935.0239685276456
881.7572788319045
1656.8713502646262
1183.1522171468173
2156.199536848323
1516.7198577372633
2858.012071249631
3571.6167611231467
3246.080379787769
862.8250419461057
2348.7798230428125
2996.889124050838
928.6268113987152
493.40904894813036
2950.9165698356064
3344.835186116156
1038.6996294063454
1190.6404258700068
740.478033145536
1945.6757946242947
1988.4094286338334
1006.8283545898884
1533.1515689544503
2367.244779337241
720.0340401580855
351.785278295405
302.7588720807776
3886.5278295186376
3432.2719355382956
3338.6793277153947
1768.8508170064956
1395.3830497546944
1559.3187807491602
1469.2652765143655
1974.8222211453578
722.6901371057423
1233.7017210838364
4693.788574402284
4580.3148870746245
4746.148698033594
1647.5538486532437
1908.52978660236
3300.8755260916214
1933.921054476613
3428.4137322774145
916.5602601341286
887.0651631266376
1012.6033689366097
1330.8215278918808
2337.8038951490416
9522.584466664655
976.4494359840298
514.2754966075049
2660.5806311325555
1713.7125984348575
619.1919329312317
994.1616019116317
1993.2937368065532
3000.5775245617774
131.90738839483646
680.876921279605
963.1121573535195
2677.9866107231524
3376.268750647785
1181.3742372551496
910.2055852171909
1001.6878692908317
1537.7384181418702
1048.2811238790985
3184.886401204822
1751.738849835438
2263.0727749448242
3054.46033487304
3215.087383201157
3259.684470818084
1420.6465009512572
1799.0422496881067
1852.7157734802518
704.3519401846859
2940.6088663119426
2470.527923846328
5161.530893635813
646.2804990009813
3119.217774235923
2305.649571788072
1429.8929918315093
2758.0284093634777
3381.397083160247
3670.5840670890225
3108.8121341270235
2278.358510422323
3956.3082806950893
212.43921567797526
3471.182143992903
1045.3550413359328
3914.179542770982
2554.715823982845
3308.2699446068805
1276.7215740461615
1805.808727104122
902.9982408106179
2614.899842249499
2468.1237502888816
1605.534355166855
3489.719239250707
574.7639003175402
1117.2730352689841
2104.8871484451643
2342.5338904363534
2435.011076111741
2793.9662576452884
1820.1499696029398
2229.526162598131
1333.1102427296455
1259.1257411243782
1052.77676487851
1704.1465146140997
2599.9254920407843
1268.193007508886
11944.523618548534
5149.883998167839
2183.7975178415245
1417.664379263808
3669.486098314557
1431.6570359791092
353.02779218893335
2078.7584727200056
1605.5976166728824
2272.869849548009
979.2916224634691
1627.616170015735
3708.7173672779627
1445.9490102554182
1530.164777889548
1938.2138931250258
2134.335864408969
3106.9921681868245
879.720622611399
3154.5333548353765
2508.7440552479943
752.8118860781127
1461.2536507378954
2994.904690755032
3483.234173827327
2477.6897008605188
3915.1434194999665
3664.2861407154023
1703.5998634422924
2144.696981695022
1391.0890419523864
2835.4642331750233
1411.3254567504996
3219.5187068836585
394.98820683307974
2137.512856714432
2287.7715058368294
3025.011813239849
3731.3654198515846
3058.476047290397
4653.725712366614
2541.8932274055533
1240.1747632022275
6180.1994626027135
2810.3730929161698
2427.592144254788
2032.2557354538656
2163.2114658923206
3325.5230718438816
3510.5213856112673
1030.6338279481286
2783.431523579974
2913.024029468178
4184.50432089122
2252.146518621609
1954.9757498791855
5562.259076862284
3514.8277274479115
2960.520166089379
1157.0434959545607
6451.7731749319955
5944.84876971929
4960.273563103177
4815.035976976443
1129.0478767565623
2438.146891667603
5438.9997593831495
8763.125882271055
4874.1280276787
3198.3718303265327
3984.291572495781
4520.637062431387
1294.780275808676
1927.4391068195891
4551.295057982924
3932.516510954687
1588.4277275781876
3248.9333112779814
2016.3879856353922
4426.007964598915
3959.205389993064
6350.960661481493
8073.649314499696
12614.88311032929
13520.181988593753
373.6031893458941
739.0240729559018
3255.0639073406046
2063.2555337851054
3717.2765249973695
3551.539445480923
4701.42197841861
1350.1322254590284
5996.3122772583
496.89553856039885
1694.2606818169218
3361.4894619584775
3316.280049955841
3502.3015359781293
1888.2629481916956
1758.482501563445
3169.5679672376314
616.8482879906175
2153.8949486821684
3119.9422248406295
2171.3377018961046
4750.362296138456
168.146143184528
2416.8399688939485
3836.1957600498245
3334.4380621979376
1874.9819410075959
925.1459602578784
2241.8332781708273
3246.1331238772027
2766.808956925726
3827.978571633729
997.9001124719106
1886.4346957981838
3197.3714284219072
3402.9031448812325
3567.1493311753734
1419.1349258102557
2384.9451509725714
1956.811912368088
3576.622099538433
1695.1744410978763
1137.009075627091
2922.2457384142704
3079.940546255375
1330.5856212727376
4039.2395219352807
2869.154190121804
4969.164764020981
2312.884377756067
2957.459662498744
3149.214151001261
2036.8992433950723
6079.095264616005
1541.7956784407895
3461.246516219322
2693.4252132959887
6957.814372137186
2953.137338613837
1638.0563337036415
4009.117807288226
3711.3852083749757
2529.0668649451877
2638.446777618023
4341.980867877168
4430.27887035688
2260.9902929871323
3453.4924827686746
2840.6416371972946
4645.432102403403
2085.238291324116
1911.300682374729
3469.245437275992
2008.5923881198848
3236.7562586307313
5016.913761734416
2156.3576178065705
2357.8400080379447
2145.7561075658655
744.8128333056821
84.57600302365921
4040.099737786754
4187.239835617448
3430.1732486573906
3672.5629454677855
3706.038773776283
2284.9753949507476
4780.088405841966
4094.8526267406332
4152.672703221435
1872.00839054754
1714.2029733502716
3354.2655183472966
162.9831529785077
8686.304371189342
5957.661821482916
2655.499438615836
5887.910903153502
4353.642188132255
5434.37717010968
2887.764980079776
2764.566119939198
1845.9319667503103
2475.661132209198
5035.845237403845
1552.0302257199946
3217.7753031610587
7840.25711475872
5127.7738550876265
4424.556580334451
3787.514608912313
3797.078922110166
3895.2667758242533
3313.9014672836365
4486.7573664965585
2925.232198034316
3307.0903539667975
2178.932052029657
7998.89404678643
1930.5625501107338
2281.0809278739516
4859.822472616936
3787.471508953652
3537.821037032391
3772.1509003935316
2718.5509064437347
7021.762747058988
2205.5771122824094
4835.379568763276
4451.388220686967
6602.2211420023195
8782.121195326892
4932.649284856419
2904.2978000698554
3951.3179642097966
7242.221360186282
4454.897706507207
6450.582661033344
235.15879577714009
5760.076136703012
7113.285719347969
9370.985516793884
2331.5428771186985
4121.639863459109
2414.4480499647925
3070.3531468136034
6067.607676531983
2071.484532882158
2204.2943286682685
4249.623107702944
7452.094111488133
1769.6627540416962
1998.820556130489
7897.477759445386
4290.409227944995
3203.212327598979
8054.437569785621
1811.104817865608
2494.2921007436066
7150.630372111737
7914.39272316966
7598.065490212492
4317.042117137164
6053.176103045513
5618.383526454985
1749.5281943481307
6091.381497294261
2976.9430388506257
4769.954203483412
5537.594177379858
4376.820245929289
2756.1415071510605
6721.480398054823
5974.622572426851
11431.15651102856
10027.602958711115
3647.5579170709525
4549.330342653412
7661.425294824095
2758.351716700341
5030.91245189056
4154.075476678631
6233.398906781583
3527.447764107482
4916.749151378389
3777.70776711023
5332.500787621611
2856.8756348209317
6318.916730728674
4689.683538717075
4905.011447617937
5551.560349515213
5434.867846527547
4272.782734077502
5587.296286824859
6916.614223360984
2295.3649696821785
5480.453904949509
7800.941428535636
5236.483180307696
5914.626136285989
6505.491669811271
2401.1574572421578
4690.085969374779
4925.583002976235
4582.702000433542
6746.485130584203
5084.402923971976
3654.135330008964
3266.629128557824
6119.909937377276
4469.364612404474
2998.1582986887297
6907.4331296586115
6351.559003277988
5309.978829944386
6930.68073335846
5042.193271860467
5544.699904027858
5448.1529130886465
6349.3385184500185
4122.752354026708
8124.542062297919
2856.341649487702
4712.380850148195
6669.509643570786
5574.317458842884
6047.298811429157
5760.728421649948
4810.282408116445
5662.611613951405
5900.780936851748
5865.24276288501
4858.589061469418
7654.9997219968645
4759.928863172488
6101.953604809894
4282.042305796429
5456.281410367545
6222.569459642888
3945.1337821211114
3447.5363353418916
4385.369710220525
3085.010306736668
3879.02983592447
5712.401512639272
8720.660200094424
7917.042776754912
7303.652942037047
6401.177552559439
3846.071221640399
7372.519142721457
4517.67060423458
5778.226546297506
7104.40192333705
5551.841314187553
5134.826349134344
4789.95557847115
5737.914354703582
7372.9900963498485
5441.882018429252
3872.3941251698393
3470.8290349994572
6843.894994541432
8438.268839460809
3650.0038674750967
6387.354405727165
11435.72463360617
6681.955431445943
5613.098497154352
7645.693304095044
7431.436756931988
9257.361115384521
8034.170107650894
6627.807170032722
8783.924315139686
7448.609646327816
3341.804904729441
4854.506794226204
5949.244034783984
5802.84277408319
6795.002741456419
14152.561595009323
5785.529311752564
8290.592074226208
7212.728512982375
6410.392614750449
5501.815944339085
11677.90070316317
4604.737257521534
5049.803375696487
9115.884852616076
11319.424712057787
7313.017307253178
7317.975327389978
9495.113358473985
5686.69772991837
9371.694127800045
10427.903775605702
8874.366804597978
12493.521755417047
8972.279862891473
6387.666558179228
11582.414504095705
3604.80107836517
5415.905894759577
6539.958241132817
9262.246235885734
9062.626514371455
13464.44664919137
6878.089402940506
12673.37534681151
14720.217086834744
11305.400539884666
1931.8982954304468
8541.001793725694
4681.0253896164995
12091.51397891332
14478.400745254787
6401.846206939338
6595.09938306244
7678.0402293165525
12749.2517871586
8482.551463409887
8295.945648212619
7655.321797441145
8954.97196375763
13932.845684295062
3376.977860499687
4751.740420644334
9005.511760088828
6991.198989218697
10164.855248473123
9521.30042520548
9988.238352053604
8263.046038850473
12045.291660284167
7954.512273620645
9981.881555064556
15475.777291808787
6851.824779722457
17847.19649770222
7352.746046765667
10225.84064499843
10712.717524541822
11427.992493515034
7429.783691161197
8233.350815444028
12776.428772135145
12153.220544345175
8832.817559652301
14796.907265350774
17327.652573411608
12069.034206114064
10457.315114012988
9310.798558385848
10769.13473754503
11175.754804012886
9064.96214944403
8301.939675679414
9949.380558379686
12100.83283788601
9255.744169945905
13877.141660924164
11484.16823050004
10732.448944819706
9546.374168657134
9829.812330014123
10698.765296839127
15063.932490917516
12394.78977652865
8113.469684137719
13322.774239359656
13345.56506305674
16675.595095238612
10536.360918269316
15067.776755098113
8712.284982541885
11931.769435460505
15503.583733873113
14551.002763204851
11972.595944581335
13863.555920945919
14259.686029388375
9840.141581714635
19826.74002253378
9648.370868394564
19288.915764647765
10796.895373627727
11955.44798826348
13826.238624792453
15294.981227104525
14699.791486750848
14075.877388673072
15988.83733559793
13794.14490304982
12485.921185713247
13535.10484939433
18438.743551487132
16206.642269712826
12513.060362917086
19764.00349579773
16368.37832226537
12470.40875136207
11906.145207969903
17983.916175240425
14245.749195702318
15417.458973092547
13551.370695079102
9101.300599776516
25985.862732455178
13980.389519470697
25802.98029764239
19249.48468983742
14602.530794635164
16473.460511519388
13448.370100883592
17064.052270978886
15142.547473050527
17707.363560356112
16173.188781199082
21279.599268675393
26485.51508533937
14135.353716687809
20839.203319259268
24681.486281989444
15299.808374227647
18181.4070305324
19912.823627585512
23127.232559158598
13638.80177714452
15656.303334950753
10659.696832190722
9243.050404593423
45615.44397128802
27024.058697204007
20341.701423088613
32751.11247600529
32338.28971525167
20495.9640416703
26417.22012260168
24715.595187756535
19229.37385816594
27090.580064852853
20767.78805157473
27338.372162209696
49545.61242716367
15362.319409298207
19827.391745012323
25273.38056222813
23547.376217950405
22002.823142007604
15867.341908628558
28934.44362951141
25804.084795793802
26010.225392288423
11376.5950049357
34186.11908188087
20759.5069417938
24693.482939060195
29011.86693744805
38443.962012603195
29739.843161406792
43120.136480860485
37265.82895783765
32356.39428288172
29533.3040815403
26209.204214506695
30113.817312211107
37909.70838208139
31280.510607434873
17611.408329644913
36725.207913715974
28765.587454074303
33554.02000941667
40941.072099311714
35099.155229222386
32540.082075746024
36420.47927048261
31519.975065801034
37487.272844944746
37777.97348102873
30221.96369379994
35067.68248600383
36769.85673149584
33891.18600195028
39426.3818156798
37344.96176141601
46610.51167726825
38279.781116280144
49516.99475575806
45394.019064158296
35407.131532891806
42496.13771354763
42892.85436145506
39393.587794660794
37006.163848180826
39404.004806680954
57564.76045976462
47851.17050452805
42446.696168189286
55446.05591042294
48684.97500836347
54414.47593662862
48081.80891784086
57104.41099334679
61227.602930232264
50767.17831583997
53993.82385209498
51180.84556709929
53105.949235906846
57060.00976285684
51549.3163085713
58086.8544677826
69297.03214274537
63692.451637046215
65652.41492489987
69441.17080578092
56280.84946971005
72196.06637444142
72005.46960990307
69460.93014134208
63659.97300996743
70526.2253514521
75462.10816368631
77260.82888570685
64002.22529793907
78262.38351098313
86186.03841671544
90712.65414136871
84565.39565329312
99199.77421179907
93196.59833672836
85726.63605992145
93112.80026899888
105328.97660008131
102893.52304748182
101946.84842925366
97343.93155650802
114229.7124674245
112820.38736095357
110291.93855139565
106339.44031004311
113965.75052780066
127764.4703035379
127463.96678374293
122324.12398445907
140528.37764248988
131890.24689919045
143113.04270220362
146809.04229585413
160640.92048885376
149694.49543241953
164779.93698763926
165516.15069349654
181615.59421248894
177736.63433498528
178971.64078325307
184964.46446261316
180362.68034254794
206077.88464841247
225411.62387749547
246653.58894990472
252793.736892535
234825.53232773492
259300.03767337385
270545.82267451443
285849.517659557
283572.9579075911
309560.4001569075
337665.4937539028
348248.2500524019
349170.7572714235
401473.7785200182
408214.2434229255
417435.8646405683
463112.195394484
490478.2267654545
545351.0288395009
573923.0334599825
600410.1785991807
661458.7122591252
729404.8279533206
756770.7217931844
852921.0922363654
905699.3600948486
983286.4479582413
1071993.5286270792
1211883.2125542955
1395360.535495852
1574192.602062322
1729716.0069269196
1996611.2449029584
2362280.354482208
2736976.3248098055
3191000.3944862355
3958811.7552026063
4991004.472069104
6387963.226531283
8156914.900368074
1.1598002156907855E7
1.7511087212740522E7
2.9641915447767008E7
5.935664750581749E7
1.8027326350822556E8
2.9279563334488745E9
6.841396972053636E8
1.0977680960199022E8
4.209441310688611E7
2.223607910098791E7
1.3587852662073772E7
8896402.175352558
6505149.352919018
4839923.613844165
3707458.071081844
2860369.706722153
2409063.797413739
2070955.5194502452
1654296.4071953814
1354319.0797475448
1219418.9497277015
1020935.1658050074
902084.1733266296
794016.879879119
676047.1578782958
601787.9704589254
545921.5373640253
473645.077387061
432311.96126191854
376707.5735638929
315063.13568287285
285237.3084342033
300354.6009400299
274431.2484408864
234551.38088766887
238864.66306642393
187881.6977207494
170199.84732989068
152103.78052362739
153906.45483030862
135477.13440819355
127410.3146983363
112972.31266086861
116921.34778662423
97784.89779218899
80594.3797738144
85408.14591238546
87417.6879315384
79770.0502200399
59656.06224572257
75181.99209163155
60687.85035722646
64925.093226626595
61086.82425082648
54176.8420834242
66359.35958734108
73334.8888876672
72999.2826590989
70453.82730569578
65103.974805034624
66117.9994630384
86689.81024016267
74678.49371500079
92988.82660789433
91722.69529127186
102235.40867602087
118480.37934181726
142629.41671249244
116960.47097582281
141546.4483677687
217439.93410340094
208069.89111968258
242767.19191803146
283308.68844675174
342543.9846615354
396592.2013588585
474249.84352079494
563291.078173043
626519.4024244366
776562.6844863067
911111.6605894594
1180733.1338283336
1530489.348949301
1925408.9552777892
2529694.1043899995
3398079.0494636116
4708232.905308729
6872240.682610824
1.0868300329272553E7
1.928078890302306E7
4.165975843787482E7
1.3809072607988784E8
3.299775401305768E9
4.3383714636884326E8
8.064782211939752E7
3.357786301966747E7
1.865041868207607E7
1.1934564360871777E7
8271402.608389041
6135295.147668236
4906921.016774485
3922933.4763785712
3213153.1436489127
2822390.525220943
2524731.0088927136
2047629.7235852145
1806121.9727661018
1654078.6703028746
1492521.8949187102
1353554.15162043
1199581.1974232392
1104139.0247893042
1013459.5811036046
987637.1189035509
884215.8930964668
819198.6932746929
783392.6622517566
794701.1613571692
741213.9985455017
678982.0241143738
661455.9817480893
626552.4525280318
576588.5535853059
595576.3504810692
543068.9657996522
550283.6837051691
533530.7584720541
528145.3217992153
474889.412757105
489043.5468219355
473570.4805958395
445960.1507075472
441956.8392414544
410485.9145452167
404370.49937981926
411254.9794462892
400573.3083176138
396826.4083848753
364880.3526676608
348112.82586295117
343210.36001445766
413879.980267478
377416.21247175016
376983.5968087813
381630.94661863515
295900.9255865931
315476.31384403596
320852.0952912082
322819.4829743661
348019.469243945
326545.57778389094
351175.4903317707
321989.71749538026
332259.10896589136
333704.53494951525
331464.3811757777
294559.92223900737
