47524.0
653067.355195171
650309.7943660851
622872.9986266464
668106.0293552892
647885.0290930239
700726.7098930595
584006.2589862134
616455.5483379451
656326.5187255115
604057.5244985053
664004.9901235275
626342.9077260533
666836.3233599425
665213.5414876582
666185.4061727137
639360.5406277614
729038.6224157552
712403.4633896396
725247.5309839058
657146.1907844341
704320.1911445885
702997.6827603419
761521.515129981
765054.1855134022
789155.3726038561
750531.9637826381
829536.8179220386
857702.1151236899
847654.1647587096
873482.1137698794
873548.3957373499
899285.7695884417
956522.181134257
972467.1001367177
1024081.7202271642
1003969.8903155503
1133661.5795180094
1043433.1361561299
1126633.4724638872
1193260.2533234553
1265162.5363204228
1271791.099913914
1359212.4106808377
1363712.6661501336
1430664.0688448523
1564445.311031024
1570115.786929132
1635820.604060957
1886943.8961666643
1972415.9247434372
2111076.2085488057
2281183.3848033547
2401116.0433043083
2562928.665919737
2873707.402448857
3185312.997253537
3492049.662383395
3712431.2944410346
4776651.858470956
5091863.5696760025
5825473.624932506
6984012.943636551
8343525.268471501
1.0360957355897333E7
1.3291354073385667E7
1.782413817079588E7
2.5515293292933393E7
4.052780630789801E7
7.546310950103933E7
1.9816579749820355E8
1.6266884424009926E9
1.7812933927879517E9
1.793194443679167E8
6.034189033226278E7
2.9014911653616842E7
1.6571855643143805E7
1.040633505458742E7
6971608.09192984
4894232.223783707
3564990.9092710735
2674868.576885215
2042006.5514251685
1526024.9551542522
1215801.0799252011
915031.2331310994
710632.5926639282
575072.386671833
498636.20637991815
367710.2046404953
353155.08784085576
321037.2431230849
282162.5723757024
289672.71341071976
305611.29312072106
324468.62217228574
371751.4657258536
479277.58879420627
564844.7865364691
713814.3263357552
884374.4778786259
1158433.5250646814
1482957.5602564279
1953038.3713987174
2597652.1883829255
3601634.766432565
5201874.702182456
7648547.701721254
1.2081332214253483E7
2.1858793634587217E7
4.6719344898166366E7
1.5324682987966412E8
3.118076089122914E9
5.480572416976584E8
9.774256641446386E7
3.964425889210315E7
2.18761131923584E7
1.3789151919712871E7
9733151.492724562
7253465.380532376
5614350.111820576
4477433.884937753
3694252.6951275375
3133386.87038264
2545117.2760125664
2268340.569378036
1938589.4668755652
1756957.7657928558
1553304.7563539208
1345382.2436589105
1223040.8175913144
1139476.786823972
1010148.8471347368
1011688.3031651112
789859.5921231926
815288.03153905
730131.2708487803
644351.7188554237
624187.9609079177
548249.4656273114
553796.8617883966
509430.535710933
498584.2270929446
448507.7803221017
466088.61181923427
418059.061249636
381219.61544745235
360222.87108745275
333692.6032714671
292812.91821621417
345233.6287266106
277004.4188716272
284203.3021072809
282665.1066082997
263403.535960612
246875.14185507543
240260.8524921561
224505.40394413142
214419.8211678112
199943.67095575258
193417.15149679306
189008.65036696172
175193.14155153566
194351.41176754743
185295.7597268459
157027.50245949163
191929.55784804176
141898.39897013377
129720.12522934123
142743.21265453118
134024.32519494454
123041.85873410657
123263.34575165801
128374.90027895244
127940.84914003253
132992.240471389
113161.39127937195
92692.14941807358
100429.17478944088
86253.8299630095
100236.17511846511
106643.78697001768
93948.36682592501
94318.65560373168
84364.47008186406
94445.24528691823
88647.67043772386
69804.2734877889
63908.420852192714
119036.53381893337
78765.85609841677
70147.33132199773
82471.25956469517
69709.46477628057
72616.49031543195
66069.50610648523
77087.40394651183
65590.87123669266
74215.12779600894
72131.70385443619
55418.49940565741
57366.73558720075
63637.80606793233
71648.45651458604
58947.600489028046
51629.51633937607
54400.7070128939
53880.71837318784
46498.51895031587
57599.03419630899
59155.98730129948
56020.30386960532
53276.32770997234
62430.70878023217
79925.71927719956
18266.52449490828
31829.06149510327
33589.340674909676
28623.9075661616
32343.514884346558
36735.893873088404
31209.104954443268
40699.179754869365
26059.276961738986
41021.70998320196
41630.47815896163
34282.30000418879
40525.2064166454
32224.118365074733
34452.661814175284
30543.75225552204
31189.739612253972
32174.863075642184
32177.22380205556
33267.0095023464
24378.759817862476
32009.182389101636
20502.369230650722
29487.428642714996
31664.747607318022
24247.796532610024
31825.358494595996
25510.166824693675
25077.589788144425
24794.75439775821
27634.120283312906
26434.36552963909
24431.455576062275
23327.933287610005
26659.500713089663
22051.740181555677
34787.498637570214
18789.38414326462
16295.471190676235
37003.77901245843
22814.99900809149
28174.95427226054
23786.01144735947
21684.919995083674
24332.19104286893
16617.564682697903
26088.919900748893
23300.598074128757
17615.32737579836
20670.9206530964
25496.729215779556
26430.185215336292
15991.985890324491
19229.424814046724
19702.398523803527
13824.762750910048
20208.367640118755
16956.65048558449
13483.253014179909
21061.48131486321
15206.13060973905
14849.586082321463
21303.73895833178
20211.590634247117
20091.271161985762
14385.778634071668
19157.454894705555
12669.55316676114
19811.49096875247
13933.092578144364
13115.025845723008
13277.666037120363
18606.409828504795
15414.212611939354
14409.54804881897
12860.254698120683
12667.957124559034
11388.422299319107
21067.04416881521
13788.20443868951
14144.101676559416
7986.883108726518
14608.825416504482
11381.559825870694
16334.575337676539
13080.763277078104
12832.634508084293
9284.59937126974
10949.100423740061
14982.318432898714
7460.000214397637
12359.690904243083
12121.313052621568
7353.970037334059
10947.747993803516
7738.505677169545
7117.019024131723
7875.394490696257
12894.114485350627
7081.892630343191
4775.615203191439
10332.14413971105
9066.353852284343
5972.351877325357
16968.655897811466
11547.21132369397
10949.429864272064
11673.664548435727
11800.491962115097
11733.632998421963
12340.202618514943
7931.07616232428
12814.695303222516
9718.08648366356
4195.933398607754
10060.010002051053
6720.384859335352
6302.428083378575
7119.824888077427
8313.517538133668
5986.425250483693
2915.496486615145
45678.520749070936
8064.487387938709
11952.573715328015
10746.823459130215
12813.157126919443
11194.998532816333
6646.405826446849
8528.709812333846
8211.705546855392
7296.343553879847
6131.030014464975
13269.72457114693
8238.70247644239
10898.393023917142
7106.718709366817
9298.615122584784
9502.296611741785
10828.373876760803
11109.759085384712
13552.95129439737
32103.20596790414
13541.906753676498
5785.0463960466
5097.023959223601
7208.994038109356
7842.887723583308
6812.884034066473
7644.550165713247
3958.9362256547033
5608.554479284621
11381.466280598972
7750.573563566483
12304.542008790746
3690.297038131549
6999.497516143657
7088.07753629841
4130.795210129999
5365.338844671452
4760.84552173451
6521.364495498037
3885.028461295157
6078.873171487071
6045.2838360796395
6998.95582756897
9036.654291915358
6651.552005876487
7273.102318777889
6397.067532154714
4791.121165586899
13296.552642053615
4157.024287727746
4538.159255433594
2950.102641897309
3160.9509523103543
11632.333863012034
2954.141341618
4197.7305240852365
5213.823601266271
5954.432993730555
4851.877259840939
7482.260904000477
5475.419852345431
4406.211805314141
5478.2831660639295
5223.192457891466
5604.9209781451655
7758.572898187529
4995.651009019793
7379.727896137651
4847.231196224344
4332.989380122628
3317.943974984802
4156.620264268985
4395.086873760306
5621.070001311135
5573.4550346744845
7873.12154255447
8369.330412449923
4524.410443685164
6220.92444788901
8127.636311956392
7926.983433946867
3761.7316874443018
3660.0873368752727
6575.087468315463
7836.430705686616
5690.330181221907
3019.7986911547614
2060.935913813267
3243.8897120169245
3519.4278111300905
4389.164917438708
4440.341957317096
5655.450784832179
6339.630105515743
3584.959092041999
551.8197052143671
5234.630475343177
4415.886061976733
4702.808459135328
5547.874518632316
4367.297144855881
2748.203846283736
4047.6358277196523
2487.3207352391937
3157.78332221032
4511.697529746347
4316.067469433039
6118.310900904711
2841.977100496606
2427.1634937518197
2501.957616307902
4928.9655347292
6016.004909729283
8134.029933431955
2965.2515364872834
3401.6975672067806
2945.909523303424
2803.325418527077
3730.323609927397
4535.277657569485
4647.710217058164
4568.495852267541
6546.344092550478
5926.491609135825
4420.134918148401
3480.2309018237174
2396.9810519829334
6576.2110875140725
5014.736093207628
2050.2004786406046
2175.324511768523
2816.1419092414003
3014.349069546277
5552.997149714496
6655.083583704583
4883.299485916413
10222.179130104007
2831.9401964073663
9906.937298877656
1624.8205994179991
1010.742269543977
1826.8190348015369
1340.9143717473403
2357.480635541261
1928.008493265816
1999.5300845747704
375.49126919266826
2340.5425163077953
3197.853690288765
1495.341010598645
2712.2937335794218
3485.4894028734698
3377.5592224717734
1874.3137642517956
2351.825086851092
2456.3921291938123
1145.9053445716731
4785.370398867228
3897.753297059404
3443.790435591463
3674.61207870779
3493.8726035645464
2498.094101901518
4243.190590783649
753.085694995988
965.0710926991735
4414.033650444201
3638.5885340332175
3262.8608643287953
1051.3611693868029
6240.879464424246
5284.762228688928
4479.767530441048
5417.96090993947
1190.980664016244
3213.787521899487
2875.1670754967386
2091.6879927476816
4201.980879974621
2297.7491177097195
1951.163691953114
4453.986853264156
2002.9297971532603
1765.2222524511155
2753.7751372067282
1667.9701355610414
1649.646472865736
2142.2147831497145
5735.515065090031
834.4682031662244
2870.9005704593346
1706.5452573468124
3515.3888840584054
1468.381569244497
3107.964233690842
1907.3277525971391
2236.0392716701326
2522.0172596942457
2477.3790477148955
2184.646236715733
1983.056245554654
2681.3707300441743
1503.3791090876543
3466.8619926842207
2188.2227421823036
3475.883314661127
2482.9593100899747
4107.363533299161
3842.752240322495
1430.0543579931627
2346.7324687717373
4015.7867693630587
1387.1302753070338
4405.513431981543
3952.193566754164
3058.6710455835228
3400.576375303802
4876.921028633042
3149.369361154493
3451.844354402559
4813.1795004680935
3225.4694137643837
5698.3736271172675
27130.11705900507
4025.3896599274785
144.72968331641684
1196.9979002030725
2128.5745642162055
1353.1626165330028
998.1861313973602
1838.1323951792638
2345.2283543310377
462.1721962500149
1573.802283130996
3447.3242641490833
2532.471709561154
1259.185561121024
1971.9695392706803
1903.9293325588835
1901.1067302159677
1867.8324237365282
4128.720678256345
2591.1969090805296
1401.9635552591203
2331.7383791752213
4379.925635494107
1184.3557889057186
750.7630200021201
1324.1293605200717
2216.2526018435346
3050.2733893889886
787.812104380647
323.86212478368026
957.6882957942971
3720.224184256953
2009.6663611553186
1600.1233249623617
1925.7838327905517
2634.188641516507
2804.7053020277895
3647.8532007988915
1640.89853847075
1657.2130514598205
1783.811524345207
2263.81553720744
1449.716226167531
3892.601637171252
2604.002783754974
1559.2793840578263
1998.2174256395635
1810.5387451621364
1762.0217224459864
1714.4060382098462
2425.2203410632314
3419.6627275284964
2361.3522863567673
1945.514076724359
1590.5658964301015
1354.2595279664308
3543.7308466368077
3214.622955567171
2384.621726852305
2779.5250907148643
1482.733848689739
4964.290094987938
4359.684525997792
1888.8449778512447
2191.229524342696
2917.4466333364912
1182.9873539378818
2846.366679208163
987.5428486837135
974.9812986865579
1244.5765058188385
1510.2873557855585
3681.057801305742
2468.687299995536
1131.737049890316
4116.014285681607
1413.3243591233254
1504.6331974614232
607.9207035488365
1933.5024047789407
1150.6141530248915
1783.1673157699686
8833.148607174731
7324.478570903869
1752.860783218119
2084.0519214834458
4220.3785298954845
787.1728356304685
2242.7217347402084
1561.2117460509025
814.1125457129046
2591.477490487082
2467.2408802248265
1814.0729007987807
966.5444147748784
2201.683334231604
851.2787616228411
1953.6743996716375
874.5388689228641
1952.0888725464695
4414.018362786629
1372.3219703767409
937.3921576549465
871.01324148288
2214.5128444227976
383.3001528058107
2751.2190898718645
2811.3150718732913
1031.1295206804068
1975.5836791947438
203.79842090184394
403.90454378186934
3168.3137878756006
1127.2519492962442
4102.834129823796
3100.915897524161
2609.5024268016314
3022.028249517219
2816.790624586862
1940.216399223855
805.7138721251672
1478.6807364149277
1599.933272751898
2829.7082048590664
1080.714474459961
2100.065732121525
938.7170248972658
1807.8986067927897
2155.0762611879277
3591.7720291100777
1190.0392404610022
2116.582180388226
660.3637961255461
526.7645731875288
1014.2801283320813
1146.3273860022955
1137.2350745724789
1343.1293558219224
636.519915079239
355.1872288278657
2507.5719252838567
1353.165872004475
2163.5753379607195
1802.499064513699
1715.770630325473
774.6296738389666
1928.0799395054762
1554.7402466410128
585.7184284330722
2461.8506063965915
357.7333164963727
1582.2108057909875
3052.312909603269
1956.0833454798978
1388.6966391886249
1102.773619574643
1017.8774345897868
2140.3645630003602
1738.6440402272412
2367.341517227424
679.5177227912038
1678.9556271034385
2352.2299329676002
2458.192350275902
459.99148625979313
608.6021580909736
927.9512461227374
894.8783872005145
2843.4157344889595
2874.094866189625
1319.2652991766367
2111.112108409821
1602.953835334137
1345.9634995359497
2221.718143943443
959.3747912486074
1100.118460958107
1364.9897969113285
1895.7540746459777
3911.01318869523
1238.3837352441187
1520.419137565046
1112.4506029912327
1285.306174592944
2726.585021586413
1028.4821562972134
769.6318190669781
3580.7583356661967
501.50169605188063
1362.152399261212
458.33600753638837
1676.9114722473723
588.8072947269643
2087.921098314747
1012.1866623622316
1383.2451742083458
1474.1322751310945
1224.6472826133902
3018.1047580441736
952.1333135012981
1688.6839453759014
3407.3599016050516
1590.5615757860917
2744.3371720112696
1635.2052238363283
265.9681533524335
246.4715929679225
1443.615733110168
2823.466554904898
682.8466758380454
1515.2374650919044
1104.3432504611774
1898.8303396428232
600.1553064946688
1745.0653330715259
341.44907610547784
813.8776338501979
2827.3520710448997
3350.786886193072
491.27077064992295
234.18905204801803
2387.754371955386
2488.935659399424
863.6262766746394
786.7060267411547
2506.5407709116294
481.8315777669636
1111.558789403218
1414.7480061664319
576.8020980677444
800.9541118266786
1766.026785444481
891.9013933193694
2881.7974265473486
1976.1935599343587
727.728482399484
1904.6206020753466
369.91896487840324
534.4706147287462
2112.9227327954377
3609.5174524725066
957.5107575818076
1672.4787980916717
2645.0565459091717
1229.451152023906
844.2645604234218
603.571043809665
737.0552731510364
1063.3410263038977
1489.1629909645296
791.5436920500787
1740.5209607227166
1048.6876289506313
1144.7274672634994
1575.6361679336883
1699.1142394927042
242.94173588651952
1452.7883971576068
1376.5231617338407
2545.3584579712115
451.21343147682313
580.6958388561407
1313.7673815279936
217.23173162659393
1268.6735035788395
261.0397152632269
558.981726775426
1667.175900835557
314.34801448269536
778.3133456137431
1469.0698594403016
282.9244584162676
1076.5312852745178
266.2656039087885
856.5081699754501
2660.035327070458
1748.017269294242
1347.499350267165
1462.1990843536914
2327.918927720588
2642.9795134468313
583.0410169187485
1040.7508154659902
2696.9359988443653
1709.919320831769
1112.9293030027457
3307.0911860420015
556.4518516683572
1806.571846091235
976.0902709472047
2596.723908468534
1988.9527965955253
60.724288695473994
1128.8204445906676
1060.242422174061
2452.194635767139
819.1093331307711
953.4433288297525
1758.294551900787
113.07119996649794
1609.4539611144312
1575.0550846409603
1085.8265785055398
1170.8101151133542
2921.8492591283302
853.6396084151492
1002.0178684012626
1294.1922077690292
943.6647753219864
484.7840729452624
1173.1704708883076
964.3643861507898
741.4567333186576
413.3572575303453
1544.3455800714175
185.36007469197907
931.4236066601634
1004.0652688343008
1342.4839843437508
2525.3106043736707
62.358671621246394
743.7174521057185
432.29222881048497
1140.8522165236811
596.3740353312915
1824.1822576738596
750.7292710967963
2908.6186231523548
2563.7600186752393
2186.865908517469
448.1224429375932
771.614342595982
771.5936377348315
550.9974939795381
2053.8241820556914
2023.5734374883405
173.88660193948337
1397.0061141121607
738.0776854758592
1591.0715391673639
1580.9427715511567
1131.2792183011964
2562.7108740354693
5934.473925425731
724.0039630027806
350.35747931782765
265.3359946046724
3620.41181295464
645.0802829835429
671.5309117063505
2253.443132814402
199.59122076091725
774.5978553479887
1217.6436497015054
615.7079439869619
1020.15915407029
2075.1598323465796
678.1976447919066
671.6798317169538
1756.1449353606197
824.6981932584108
1591.9076336293679
830.3436599016075
3044.553230821049
7504.276786189352
286.7509783310599
1212.900745311423
467.3424378102773
1500.507498648832
4186.988604134429
1289.5727997439972
762.1669668022711
939.6194422641953
382.7042522682297
789.3736560701709
1343.2550608448037
1099.3410450367453
355.87854179630153
1533.376121175896
522.0197030301485
1550.7871000017747
616.9693555042637
219.1490542968461
355.10893577532977
742.8786739992921
644.4756248751079
1255.628508472677
2409.0121419645475
668.7176252620895
1007.066999826022
496.8033212600469
575.3912450566954
860.0951349505767
1146.8420057969574
1522.996527290762
210.18044342869558
418.6806422917262
1140.715936799672
319.6006699809992
698.789800357139
571.4135849391033
837.9430404874458
934.6940353700321
644.6100459316185
89.85228094996316
225.1229745215851
522.8778646526779
1285.1580674000754
2164.0007960532307
828.7423961075995
370.97586740576315
571.1352075265829
252.62412655899863
1715.9841221593715
1026.0360049064966
1549.6763311494658
688.6248148645097
213.13201227992516
1378.9976102158982
690.1279315925887
558.7463066605552
142.61633671248848
718.960814359068
417.39275720539484
1487.1708794895762
266.47936306604913
916.2971062116604
2112.547743560761
601.4319581100175
528.6506144229703
182.13714938821923
1579.8086265462625
2271.707417273015
374.7064612844673
3778.4123578620283
579.2438838061856
1248.8756404784438
1313.4983710685476
1983.847399569847
158.31317794893397
645.5041106734982
2515.9696205242876
2064.9472679208684
724.6384515846424
1087.6869950180785
447.7081220391145
639.4652283451439
2466.1065678655614
2905.152371889303
5332.681280041994
5452.210123520097
682.4879167202547
1294.6454515918217
137.08227450466413
823.0451627924824
2.9918397861232604
488.92485100636554
384.9889949548199
59.22345244010652
1146.129940516251
1210.515911354231
1155.7019404785926
702.8454415343024
1156.0
1869.7842302716601
367.75638929323264
664.3842975209625
1209.2362992345372
385.19972242223986
1012.8606435589141
273.58072188579877
2944.955369606221
1872.562029560266
672.0222624034848
302.26838483971477
404.6600047038631
115.69216770025687
2427.4403723657088
480.4235338494986
1035.7030611977077
1183.162982868491
1210.4010057046378
759.0996959615682
1932.0615846351802
222.62906443388056
2568.0064019164984
340.09706182955506
591.7017103353597
189.39114448215304
315.31558650302816
1275.807457214786
401.9386131616208
681.4313436688543
1400.6008825654676
950.7554230234384
1431.4804967463506
534.9620833786953
873.7223815698114
330.19277057948995
1370.7461232686392
440.3446064201533
251.36316354803174
1398.6626639398723
1164.9571896367452
521.5707853372098
652.0462171376847
1161.1194144246244
552.1143545493883
2068.170420383588
1134.652822021386
1314.3886779735942
686.8346740066124
1134.453928586308
615.1194765549197
1437.4996731992514
1474.6894392382965
456.268078596816
2437.627919226671
1855.106423881418
808.3586370153628
478.735919874238
1043.7316775318995
1309.3785797273495
762.6959817177736
48.89376621727514
681.9664685520158
1589.9808634876315
1997.4017571043219
611.1122926977421
952.9689129288452
69.05113419463315
787.621803130428
1417.98880796723
954.9659419808795
11.174744511390037
981.6622678992276
153.29344648216573
1261.865894035506
5779.846574512072
335.4105526749344
863.3426533983429
1533.8169819458576
842.9248945347493
250.55710040474702
698.660701377012
334.98214240814775
592.7009354038355
1350.6280936194141
338.32744393620504
163.02198150860528
803.273454216207
679.669253758841
344.0281475557229
904.9999083571927
441.45504471619387
140.3364512281841
1681.965318369309
329.72717715556723
1128.4834986128199
533.1158377469533
243.78513752180584
82.23088657370523
1515.6561909055788
14.141692915073186
675.8200881395426
1042.9874772731735
813.7582367223689
2398.0155474133653
368.5565958561785
55.880670161783925
331.2373918017685
1983.1992104936246
183.95755065720874
153.09009596590337
164.03081646278605
1236.8053992121281
1013.5401187510693
7208.95866360869
1759.5284329351741
664.800715219835
623.1669592849346
827.1766396777593
2177.2277440211165
850.9927135937257
2282.2627433404955
1607.3040337291852
322.7239808530298
1048.3376879586397
43.484507233527545
2427.456634904038
2507.4409706659017
1872.0540710453024
975.4017486621685
1050.495485841299
559.2991281091399
16.892711287772435
770.2378950703805
818.6336148425007
680.8778249710541
1983.7272851765488
375.5809117657356
873.2743176630797
628.6571125287609
675.1012243954224
139.0692678525815
34.103657012244916
837.3892109905571
345.2212927391672
701.1340516675159
840.8941301241086
899.2396037436218
734.13598492004
180.17016835163213
1888.9302991020477
881.1704598494898
609.5075364412924
639.3268201387721
762.0343372347306
306.33684456580676
128.27222569697284
497.1987448940811
1065.4792879069096
1444.337480858582
776.4819524296397
888.3745664142061
290.19914848182793
441.66883226818453
248.4285827692939
484.36635486991196
599.061601116401
605.3085243809746
89.54533898405222
1836.0310162465603
242.74414359372858
2052.449170301344
511.9756579312823
548.8154020145582
95.59312008085905
252.03885821682584
493.18587974902243
307.57284898338094
984.500481439393
1923.9690288642644
1535.6166958455785
175.53421059661343
225.85414388855554
687.1902968148767
762.9075099303552
934.7032763740301
577.2460104184495
259.16865325576833
778.2747363619989
1299.8503450973305
1294.1640207366268
744.7886676281599
7261.2402608949305
434.7182599022076
524.9965620031481
221.77911318400842
58.44664982162547
583.3677641259637
478.6922066260558
455.73063235924417
359.7865926214941
245.59688125688294
55.76147766577167
129.1530428082392
1.9034508379825565
2320.714181941
82.34719923648385
857.0303600160869
521.4230239388471
1235.9174404734563
1082.3248282056807
1373.441450696125
831.2120746094884
314.9756586134629
25.33290110942012
434.0120958598415
980.1846223906432
290.9853645628793
3344.840858188237
2125.419161574288
309.0405640483128
1888.7773281843658
969.5932187648893
863.4155600198844
299.37971766095126
982.0005471651463
1668.0705611314238
157.70793957333024
697.3502456881027
1675.0761493915443
1165.1726923170124
4133.466310626398
1884.678488845341
40.45125181775614
527.4582489285557
642.341209215642
554.8235913647553
334.8086887692349
499.0514896816793
405.69222500187453
95.70589534774369
1058.717511698159
828.4720689447852
613.4533561060097
1796.7276072021245
1042.5820591029958
582.2533528717823
1357.7764176159849
1354.1558829224805
580.8498412184811
764.852721873541
1023.3244524775719
717.3624942810852
181.21563019676225
3210.3480695937874
23.90257409742765
762.423533564465
869.9342746818759
711.7175098266569
871.2468559435183
2046.4125550461256
1.5703272395665882
250.38355840575318
648.9100393399737
1787.3110681817475
6009.851621443524
2299.472922208806
1462.5997985687352
724.553719385639
364.55883032067925
1606.7105888578792
506.2708622289644
369.61787206052634
1838.2340699660276
132.3498913600554
1359.4462118854913
1395.3211468071445
630.8158964585853
878.8351865593716
505.2941724355395
1062.0832335784935
867.1451957043275
342.9289311366858
1021.5052415037784
276.84434554867937
100.26163945600584
306.1512447482744
21.207429227438052
1403.010745970897
577.7201276942561
277.19574589367954
273.4559578948279
2649.7841240565213
588.8648290518557
207.20415318836027
555.2014715767679
2741.807861525006
988.7900466398505
783.1573510020295
973.5439733566932
604.1232753434261
645.2816349094896
494.420711907097
179.31603371373276
1912.724487674693
722.0270153463572
689.7362910416533
476.57167243519876
229.18317792937356
319.30147674362365
643.7111998752347
246.39681086104875
1539.7516811914786
342.9890027611581
1488.9426869321985
651.095697081577
659.5583059711317
109.76698271154562
23.570719093266842
2681.8466416198453
1447.1659065008514
995.3296821561105
796.2421517486871
820.3173402016729
10.744303086474195
282.1685415397881
217.1762583915493
44.32583262112648
1824.8245423663
4387.528178296611
295.5916759566895
599.3519095094451
251.69415728738053
738.7830791863652
246.99663550005172
879.2843902464075
468.81357936592167
1285.6092411864877
95.41940694364439
92.61931730022839
286.1289086745606
783.6152969072782
1443.7869151253408
181.75840865806293
144.0216328136759
224.53962672728645
367.4834775940074
331.2050214857647
958.7900362232008
703.132519555234
1969.4758476305058
513.2249933182592
155.84826546245674
324.4805005783084
743.9645071715585
129.0461586692105
3086.7398054115656
2104.4914220741534
1254.607035383375
470.1663320683424
348.1114716418749
1037.8388398359593
394.45812730913894
100.97130937126973
207.17077556471074
349.03805972237353
554.8577401616976
239.7895332950657
466.93069775100867
129.36772367195564
620.1297545206869
441.51681667364403
3049.1490157688136
621.234050612074
601.3855204463865
732.5861196812862
1183.3626888534216
500.07508112613823
716.7017984631848
262.7006816225742
620.8425224121968
533.411963162677
255.8509811048289
361.8353110423525
408.5738818812701
1440.714959643629
875.6429766149439
1512.3213160639916
691.434806724199
893.4570907230677
1497.3299756919132
1336.8608931836902
481.26148796357666
706.1743611808728
167.29612291197873
798.1819117355961
627.0556889643958
409.61065153547275
574.3970886214184
696.9142373164403
2216.0811246124
1084.5306645835672
1148.1080081188952
2797.703092944886
709.6064597204131
1229.9468167549535
152.58266812299956
1154.7451061546699
18.67663644470668
587.692225000639
298.46765479600566
1429.0135998612604
241.5911124861382
900.2885871995514
153.63589385717034
493.1784298418298
366.4381361890686
627.0962158406656
1341.3300081661757
1309.5333591364652
562.039572700402
1363.8995924815013
1137.3510438076457
1652.9256392700074
257.9716702024686
716.2126306051576
910.9862556448303
1639.2672022056215
526.4608292882989
185.23447552964302
239.932669251592
619.8754331666154
818.3395798449675
581.6051188563606
286.6094791266214
3606.798537591767
10694.87501766915
597.2359289564699
256.9525232645358
388.59988657924123
248.78159191197912
1106.2886849856054
1131.9015536372037
128.13847508835414
124.09277610747962
863.3987514743728
952.9722708585559
146.69482222870732
1937.6465828972869
259.0449683016282
1011.202147961047
84.70997120247839
888.7876615614504
1426.4476595379322
496.6973701128267
465.22128980776773
467.18396395556755
2978.4574044611213
1047.2538547040506
644.2979530045752
399.4908573117317
997.1628176561933
778.4718030440803
1055.0535124226292
746.9620325152061
3908.524663837368
796.9200592332484
558.7491309036955
2749.4121781703093
576.2512955501518
457.8722526528892
28.772444282119675
66.74924596544584
156.92900062859087
1628.3416819471204
201.8911148655277
544.3976653749429
273.97003784403597
2620.7284506639226
1714.3041307499414
703.898663810189
5.144930908503817
346.8528680286328
1590.671215555798
187.15155227411773
227.99502062307025
146.7194694801928
518.4861125544049
86.56307383037436
652.9885615528347
336.9903443562197
71.2549972708344
499.2947712443222
359.18106445095793
941.3292230978134
760.4439270578895
1320.7110524640525
927.6525248024458
102.33698313879515
1030.5093534349137
1488.7108329079651
16.60800794520976
676.4740805183982
458.8135457132468
4300.145136377823
1002.9391723562184
439.78045687416426
850.8233226467913
407.7590110065777
37.95032015787407
1046.5830509619968
513.506223131833
1553.0193359837565
0.3022017982167242
439.59772134841404
207.75042936730358
928.6698141402854
2312.0254333639245
159.6378540558224
426.44619018487106
1147.73477023732
805.0999676793531
1374.667680528904
599.1738464853311
1699.333634962317
869.120244678831
389.70179487082163
58.53762998253605
124.20084679263843
334.49971013434623
2607.6928018750305
993.463912756725
437.42608717335486
1513.3201499897611
355.84325251463065
136.46563889119147
707.9153666475829
157.7569070294229
935.2058517368848
466.450828378234
173.03404065100872
914.6958118239461
178.89105376040246
972.7866520881704
1926.2623618145922
844.901146700436
1589.4989488345573
1326.3911439076544
1760.7820426707535
71.26936340544675
739.0273984734998
1313.792563865364
200.48453544982465
469.8995647691857
576.5629508123693
634.2656339839422
397.7034920305135
689.5150505028521
2576.648879123232
54.272225695193725
791.3279579253357
869.9595407071421
822.3935230082592
982.2310249730089
1669.5373057629756
1162.0820323557843
238.44039076993158
627.6500320016636
529.7754622382009
4849.316679182588
902.1318980473951
525.0089202855016
347.67314415333516
188.5622435333475
1208.770832044533
385.2225167551091
779.3309259528436
3.0692213515199933
288.2251228862238
507.9362581307497
265.8931932746306
499.45607412299336
85.45479307663126
599.4764355572245
930.2639950229965
1147.3449871644746
2339.029236795757
1131.8068482034525
56.31195627807317
186.7537423891535
1649.8476930535965
214.26196507068204
1784.2296921174975
556.129334517333
263.20097849388696
2345.7792794283464
940.9263411653342
81.49623763479852
517.9980699194331
84.58435850385162
31.55421952392438
1037.0051889070842
635.3305917057704
18.681602164495004
979.9671805049367
1314.8307817001878
448.29944315754926
307.7061831333135
86.67492990593682
266.8133104070974
126.09202254403102
208.3715356095748
1306.911521721685
347.9089367832761
68.70382206224785
290.1824933938513
163.38358280718984
2527.2896689959107
354.2923433757621
455.8492094898576
320.4203943134178
108.04589191701987
228.11579598445394
1309.8866257535792
144.17691379462795
1000.1625926093227
346.1543422851547
292.4369358183091
2021.1385771345201
470.69368190299326
1292.6244386585147
2118.9411841510682
1335.5251303565612
435.8050382548249
848.6652145340322
136.9548723746167
187.78866596319813
293.097875228458
394.71033250352775
282.7724798110838
588.8029316416961
2314.6328888792796
303.4158438004664
345.1655309248165
154.69755016832033
219.89736222608408
473.51692367202696
2443.7334236448937
1249.2874717711604
417.7755522195117
1842.4537959343577
802.8723000894104
941.2543146358155
383.12982083450424
176.90502012617011
383.47756163430813
191.04432624343835
1.5112034705858686
56.233400968996136
2102.1526182899156
491.4910717326562
386.49747787420887
64.3503786390483
479.43694391174836
4.41373420501489
753.8841083775216
155.69583352006362
187.1822714933017
697.1509180238954
82.87094439748394
255.012135341641
766.8070234327461
128.73720423343534
758.9367860308919
978.1683411372813
423.76041622238193
673.4100417820043
353.4497039287356
56.12537888454807
221.58762758500416
213.12620404935615
870.4964008010892
281.6515419395147
1101.5651982364218
383.39708337845184
486.72573248993007
4457.854369154893
458.5598207139924
549.6776254917486
1369.9925802245975
184.4058836721518
57.43457591501543
237.8836370506999
546.5573422863329
121.58840838383065
213.0177912709601
448.20480337104453
362.4217280496131
517.9800783441787
320.17555544783676
1050.706396024145
683.7322513600059
610.6503761584111
806.037287283289
1374.7574842514061
911.2083288324383
470.04798652922733
4.261491958851324
1304.2942592028248
327.5157055218168
451.21157585038134
730.5539715174364
516.085386627821
1348.9147162504914
4982.927294924288
1303.5848541497392
543.5927284071447
977.3551574337413
246.32695626065947
934.8930443272112
53.46731389110781
314.1656986800434
385.9941816590316
480.6143863659874
180.76624724575214
3420.402012027375
1251.249389371312
177.69490736392703
173.90872838504927
2559.584205803846
827.9721524552767
346.89606639924756
11.2836195012777
107.01344655781448
275.5511877408547
682.0698440369962
715.509867729402
941.0833409049083
426.86513251300914
573.7136171141243
502.3677622616701
284.8334006996702
603.867609352306
159.60720988199816
806.1516454656202
418.7405528137765
258.59438647313465
383.85769399243975
110.3145323625183
734.4628711855229
1054.0503110282998
2325.8462301926734
89.52291801188852
60.98089662400584
1760.5307906684159
187.33208710403156
55.21535751069959
1471.6743058799889
541.134770325002
1016.4544528603652
662.1446733881918
37.23260911511992
1375.46132771344
305.71242273802665
6811.611948981758
396.33991170833593
236.381357174452
337.1249602333474
211.0064610648223
226.62541060741728
44.450382344622916
44.33808913629295
733.0276324355744
530.4958014437374
519.8587324883451
1508.262378156629
1179.9266301484663
2246.617298721689
731.0827735336185
744.368792290928
1514.221812027402
539.0487158757355
1776.4103094546401
1066.8920597718743
1036.2022132952911
73.30980140621713
686.5568832096815
60.450867688211446
1373.75828953838
457.550832518372
183.61482933810132
404.85386607840456
126.72311711758972
610.0184492271426
574.6176555431381
70.01664243959229
1021.6025500239492
528.7608323506337
21.989985801614605
3352.229267050727
4464.7933144794715
300.90161245682384
105.21159792954651
1643.1792465595618
168.87775397003736
1107.9219818080433
90.76436387539621
266.9156523265466
590.0243642429824
7.885997242989423
906.7921737089886
904.2163443178598
466.5200225441853
131.49437355485614
1953.3045213693008
545.4444510471328
3054.91418161299
256.832493947217
241.60917821099213
5.979333896170759
73.86609571233194
435.57412789947915
1310.7727962980364
1637.2919896472397
6.264840257674269
1785.4275125816591
187.76179183909576
14.533711202118571
346.9146972844774
4688.628398964002
473.1820665614355
533.5666039287471
267.04270063023716
11.184341894105751
697.3342052493384
285.5661410848099
714.0992036036944
154.81797705161782
172.84858151381079
107.85066673760335
175.6863739597168
901.0908143939498
1067.4740809896828
996.8540656965896
435.21482281846585
215.98117437754016
321.7799852550429
592.7141016206011
394.0618432933525
399.9697266482327
240.0221967212239
6.681531789941946
292.4309413351429
70.06086957600057
409.101829384074
182.39878016657332
853.3147377116165
351.476913276166
1817.8451519536386
2087.3268004365455
105.17262587962311
151.0096795395396
54.69586275216479
458.2069910420517
20.73995894264733
411.88170958235185
987.1552635439123
375.4044730330894
141.09139662892198
241.68301398280727
1304.6528319201284
364.16507550985284
937.3440319031964
660.3139716647399
1367.3787108718952
763.1779763667872
524.7568647912727
288.36938210518673
120.786312314349
714.0207952809942
1652.5743096660774
1792.703109173515
1206.3503836230116
710.5860186135961
509.23598321317354
5746.509989728847
660.082333169131
67.41318137876549
673.8299350845649
703.6176292417767
325.37741078932345
142.5651112829835
113.7264700697901
964.4962787079982
463.490179859119
387.27320871658236
159.66938708825464
80.98118369011314
979.6180653599392
40.293939456354316
128.07334322440872
293.72971082580744
155.83151689994614
246.9963205046993
344.5868582648964
69.0859872771013
714.8097060097842
334.4580619383371
623.6223314624384
576.1449874407276
145.29776886149534
442.18896400760383
699.4083563872205
984.0752666530537
489.4122280355783
64.15638593407365
171.47197013593083
439.4657941832305
997.4231888149454
1072.844267806487
2530.644191657823
665.21051448926
231.1245892205066
251.9163931844663
770.7073168539725
658.4930856598752
267.8116416530082
411.39619422175184
241.58131853799716
1163.4868041240527
1725.6383577965084
150.77879820002548
682.952560535712
917.438155695527
28.67900167441959
1069.6302943956769
634.5496513234657
403.4350330655959
699.9736636014395
325.2634291135266
351.76222386248054
156.5146178061577
35.41275942056147
2196.6213330154487
1338.060942882842
485.8869587347178
1222.6478863293364
98.21079726403458
134.68863114973522
407.4246596570692
25.537255689519966
258.79133715906806
473.4167683009976
962.6441642150173
1434.3185690559014
93.91724839096958
863.7842416113865
397.78323601539057
550.3684861956208
1526.646734017331
1329.4873239049045
169.78739014699372
1418.6293837263268
401.3477343941816
717.104954181672
561.5982436868422
147.73299383068425
20.924924391423293
85.03459995244954
914.3176530319146
1088.5767346071955
2763.721464806765
678.6870560070832
299.3563947501797
186.51880866192835
919.995087595182
1108.6728778037275
418.9943340485743
672.7787850738966
1023.4449789383998
381.4428822753186
876.7756611167583
338.18035038723866
464.1781810623702
322.22615724557664
2044.1596475239878
317.2000892449405
96.20912132027765
1286.6768930871776
114.0670506442594
429.59718210673105
319.6912502189289
311.62257734257497
176.6932907847736
278.03996742444616
218.00239891004912
255.643577799481
159.22081113486792
2832.8392612826556
51.4788192042089
248.04515483561505
1126.276867928703
374.0954046927846
801.6461953015424
948.0315594225865
202.02650111134562
216.78209241620408
301.76918459149823
855.165594743402
508.1609236077839
735.8807216610779
89.79937674461915
1173.1870029293186
183.45468840651984
608.2891905849772
398.7358779506182
15.79985968995764
24.105063815653324
311.5395548312822
261.0687212204713
237.05497874538136
180.9297865986844
319.56944184679924
683.9454523361374
484.0
683.9454523361046
319.5694418468117
180.92978659868731
237.05497874537312
261.06872122045615
311.53955483129
24.10506381565948
15.799859689962437
398.7358779506043
608.2891905849765
183.45468840653226
1173.1870029293254
89.79937674460751
735.8807216610577
508.1609236078276
855.1655947433641
301.76918459150056
216.78209241623472
202.0265011113488
948.0315594226018
801.6461953015223
374.09540469276686
1126.2768679287162
248.04515483558
51.47881920420642
2832.839261282642
159.22081113487152
255.64357779947113
218.0023989100348
278.03996742442763
176.69329078477998
311.6225773425765
319.6912502189436
429.59718210674316
114.06705064425853
1286.6768930871929
96.20912132026858
317.20008924492913
2044.159647524027
322.2261572455825
464.1781810623448
338.18035038724065
876.7756611168217
381.4428822753161
1023.4449789383493
672.7787850738878
418.9943340486141
1108.672877803808
919.9950875951381
186.5188086619184
299.3563947502062
678.6870560070868
2763.721464806682
1088.5767346071639
914.3176530319286
85.03459995243372
20.924924391411178
147.73299383067365
561.5982436868524
717.1049541816669
401.34773439417023
1418.6293837262915
169.787390146996
1329.4873239049218
1526.646734017299
550.368486195667
397.78323601542576
863.7842416113612
93.91724839096628
1434.3185690558628
962.6441642152802
473.4167683010647
258.7913371590398
25.537255689524525
407.42465965706504
134.68863114973303
98.21079726403491
1222.6478863292868
485.8869587346918
1338.0609428827904
2196.621333015481
35.41275942055938
156.51461780616464
351.76222386248185
325.2634291134983
699.9736636014277
403.43503306558193
634.5496513234485
1069.630294395608
28.679001674421333
917.4381556955698
682.9525605357072
150.7787982000169
1725.6383577964682
1163.4868041240468
241.58131853799665
411.3961942217513
267.811641653017
658.493085659906
770.7073168539755
251.91639318444487
231.12458922049385
665.2105144892413
2530.6441916577955
1072.844267806475
997.4231888149815
439.4657941832411
171.47197013593708
64.15638593407365
489.4122280356063
984.0752666531471
699.4083563873503
442.18896400756427
145.29776886147573
576.1449874407494
623.6223314624134
334.45806193834323
714.8097060097882
69.08598727710265
344.5868582649047
246.996320504736
155.8315168999495
293.7297108258177
128.0733432244048
40.29393945635109
979.6180653598898
80.98118369010787
159.6693870882539
387.2732087165747
463.4901798591395
964.4962787080725
113.72647006978245
142.56511128297677
325.3774107893055
703.6176292417678
673.8299350845729
67.41318137875453
660.082333169147
5746.509989729013
509.2359832131819
710.5860186135842
1206.350383623013
1792.70310917358
1652.5743096660763
714.0207952810323
120.78631231434554
288.3693821052086
524.7568647912755
763.1779763667682
1367.378710871872
660.3139716647436
937.344031903196
364.16507550981754
1304.6528319201366
241.68301398282583
141.09139662891823
375.404473033066
987.1552635438879
411.881709582333
20.73995894264733
458.2069910420132
54.69586275216365
151.00967953954978
105.17262587962199
2087.3268004364413
1817.845151953616
351.47691327615524
853.3147377116321
182.39878016657178
409.10182938406894
70.06086957599703
292.43094133513983
6.681531789941839
240.022196721207
399.9697266482654
394.06184329339976
592.7141016205733
321.77998525505154
215.98117437753277
435.2148228184753
996.8540656965408
1067.4740809896698
901.0908143940085
175.68637395965365
107.85066673759914
172.84858151379373
154.81797705163035
714.099203603695
285.5661410847902
697.334205249304
11.184341894106026
267.04270063023216
533.5666039287308
473.1820665614542
4688.628398964236
346.91469728447265
14.533711202117576
187.7617918391119
1785.4275125816832
6.264840257677144
1637.2919896472254
1310.7727962980564
435.57412789949205
73.86609571233106
5.9793338961716325
241.60917821098175
256.8324939471932
3054.9141816128918
545.4444510471199
1953.3045213693517
131.4943735548636
466.5200225441888
904.2163443178108
906.7921737089829
7.885997242987358
590.0243642429734
266.91565232653267
90.76436387539874
1107.921981808109
168.87775397003648
1643.179246559442
105.21159792954124
300.90161245681054
4464.793314479475
3352.229267050784
21.989985801619202
528.7608323506619
1021.6025500239585
70.01664243958706
574.6176555431257
610.0184492271669
126.72311711759428
404.85386607836625
183.61482933810584
457.55083251837397
1373.7582895383673
60.450867688210344
686.5568832096698
73.30980140619855
1036.2022132953614
1066.8920597718793
1776.4103094546813
539.0487158757544
1514.2218120274306
744.3687922908882
731.0827735336001
2246.6172987217383
1179.9266301484472
1508.2623781565364
519.8587324883623
530.495801443759
733.0276324355739
44.338089136289966
44.45038234461338
226.62541060741376
211.0064610648221
337.12496023331613
236.3813571744732
396.33991170833934
6811.6119489818475
305.7124227380009
1375.4613277133647
37.23260911510703
662.1446733881859
1016.4544528602986
541.1347703250035
1471.674305880033
55.21535751069429
187.33208710403503
1760.5307906683772
60.980896624020815
89.52291801186959
2325.8462301926497
1054.05031102834
734.4628711855568
110.31453236251342
383.857693992424
258.59438647313857
418.7405528137919
806.151645465573
159.6072098819746
603.8676093523324
284.83340069967
502.3677622616735
573.7136171140814
426.86513251298805
941.0833409049116
715.5098677294025
682.069844037023
275.55118774085435
107.01344655781577
11.283619501277744
346.8960663992285
827.9721524552483
2559.584205803897
173.90872838506047
177.69490736390793
1251.2493893713272
3420.402012027492
180.76624724575123
480.61438636594767
385.9941816590291
314.16569868005826
53.46731389111767
934.8930443272099
246.32695626065583
977.3551574338155
543.5927284071536
1303.5848541496816
4982.927294924218
1348.914716250576
516.0853866278181
730.5539715174701
451.21157585039026
327.5157055218298
1304.294259202811
4.261491958849455
470.0479865291919
911.2083288324186
1374.7574842514098
806.037287283325
610.6503761584588
683.7322513600493
1050.7063960241635
320.175555447834
517.980078344215
362.4217280496436
448.20480337103356
213.01779127093866
121.58840838382736
546.5573422863506
237.883637050696
57.434575915011834
184.40588367214454
1369.9925802245577
549.6776254917264
458.5598207140014
4457.854369155125
486.72573248995843
383.39708337845656
1101.5651982363831
281.65154193950696
870.4964008011309
213.12620404935376
221.5876275849856
56.12537888455094
353.44970392874666
673.4100417819951
423.7604162223841
978.1683411372478
758.936786030845
128.73720423343534
766.8070234327677
255.01213534165552
82.87094439749468
697.1509180239077
187.18227149329093
155.6958335200618
753.8841083775218
4.413734205016814
479.4369439117281
64.35037863905397
386.49747787422854
491.4910717326554
2102.15261828982
56.233400968993394
1.511203470588731
191.04432624349468
383.47756163431495
176.90502012614868
383.12982083451186
941.2543146358048
802.872300089355
1842.453795934304
417.77555221950115
1249.2874717711497
2443.733423644934
473.51692367203856
219.89736222610458
154.69755016831434
345.165530924797
303.415843800444
2314.6328888792054
588.8029316416979
282.77247981109036
394.71033250353224
293.09787522848313
187.78866596320597
136.95487237461458
848.6652145339722
435.80503825485664
1335.52513035662
2118.941184151029
1292.624438658507
470.6936819030253
2021.1385771344894
292.4369358183073
346.15434228518643
1000.1625926094831
144.176913794528
1309.8866257535246
228.11579598445937
108.0458919170096
320.42039431341334
455.8492094898461
354.29234337575673
2527.289668995947
163.38358280719171
290.18249339383533
68.70382206225354
347.9089367832862
1306.911521721667
208.3715356095639
126.09202254401615
266.81331040712547
86.6749299059364
307.7061831333477
448.2994431575577
1314.8307817002517
979.9671805049439
18.681602164496173
635.3305917057661
1037.0051889070598
31.554219523931167
84.58435850385207
517.9980699194354
81.4962376347998
940.9263411653146
2345.779279428171
263.20097849389435
556.1293345173284
1784.2296921175323
214.2619650706838
1649.8476930536478
186.75374238917559
56.31195627806989
1131.806848203401
2339.029236795733
1147.3449871645848
930.2639950230819
599.4764355570692
85.45479307663041
499.4560741230124
265.89319327462914
507.93625813069065
288.2251228862256
3.069221351519939
779.3309259528521
385.2225167550706
1208.7708320445377
188.56224353333982
347.67314415333345
525.0089202854791
902.1318980473766
4849.316679182667
529.775462238159
627.6500320016373
238.4403907699321
1162.082032355834
1669.5373057629326
982.2310249729331
822.3935230082461
869.9595407071133
791.3279579253439
54.27222569521465
2576.6488791233014
689.5150505028937
397.70349203051535
634.2656339839185
576.562950812358
469.8995647692023
200.48453544981086
1313.7925638653603
739.0273984735151
71.2693634054486
1760.7820426707171
1326.3911439076014
1589.4989488345375
844.901146700391
1926.2623618146015
972.7866520881669
178.89105376039586
914.6958118239961
173.03404065100835
466.45082837820945
935.2058517368731
157.75690702943646
707.9153666475937
136.46563889119417
355.84325251462934
1513.3201499898241
437.4260871733522
993.4639127566661
2607.6928018749445
334.4997101343346
124.20084679264829
58.537629982496284
389.701794870802
869.120244678872
1699.3336349623194
599.1738464852807
1374.6676805288823
805.0999676793958
1147.7347702372604
426.44619018487384
159.63785405582414
2312.025433364011
928.6698141402962
207.75042936731856
439.59772134841506
0.302201798215846
1553.0193359837565
513.5062231318783
1046.5830509620212
37.95032015787093
407.7590110065738
850.8233226467586
439.78045687416187
1002.9391723561947
4300.145136377834
458.8135457132468
676.474080518399
16.608007945209255
1488.710832907941
1030.5093534348543
102.33698313879722
927.6525248024908
1320.7110524640732
760.4439270578968
941.3292230978062
359.1810644509931
499.2947712443268
71.25499727082962
336.9903443562203
652.988561552835
86.5630738303702
518.4861125544326
146.71946948019652
227.9950206230726
187.1515522741154
1590.6712155557357
346.85286802862186
5.144930908507654
703.8986638101876
1714.3041307498847
2620.728450664028
273.9700378440568
544.3976653749401
201.89111486551965
1628.341681947094
156.92900062859354
66.74924596545327
28.772444282113778
457.872252652894
576.2512955501736
2749.412178170279
558.7491309036681
796.9200592332116
3908.5246638371877
746.9620325151569
1055.0535124227044
778.4718030440899
997.1628176562709
399.4908573117371
644.2979530045827
1047.2538547040613
2978.4574044610986
467.18396395561865
465.2212898077072
496.6973701128158
1426.4476595380008
888.7876615614358
84.70997120246996
1011.2021479610206
259.04496830166
1937.6465828972962
146.694822228679
952.9722708585902
863.398751474469
124.09277610748414
128.13847508835818
1131.9015536371812
1106.2886849859565
248.78159191196355
388.5998865792163
256.95252326453624
597.2359289565061
10694.875017669021
3606.798537591543
286.6094791265989
581.6051188563564
818.3395798449412
619.8754331666023
239.9326692515778
185.2344755296434
526.4608292883061
1639.2672022055617
910.9862556448046
716.2126306051491
257.9716702024421
1652.9256392700022
1137.3510438076592
1363.899592481559
562.0395727003975
1309.5333591364406
1341.3300081661387
627.0962158406765
366.43813618906927
493.17842984183034
153.63589385718774
900.2885871995741
241.59111248614164
1429.013599861191
298.4676547960066
587.692225000664
18.67663644470939
1154.745106154609
152.5826681229953
1229.946816754991
709.6064597204045
2797.703092944792
1148.1080081188384
1084.5306645836154
2216.081124612801
696.9142373164566
574.3970886214611
409.610651535488
627.0556889643893
798.1819117355745
167.2961229119711
706.1743611808974
481.26148796351384
1336.8608931836684
1497.3299756919605
893.4570907231039
691.4348067242084
1512.3213160639286
875.6429766149208
1440.714959643629
408.5738818812716
361.83531104234396
255.8509811048335
533.4119631627289
620.8425224121993
262.700681622555
716.701798463176
500.0750811261131
1183.3626888534682
732.5861196812508
601.3855204464089
621.234050612117
3049.149015768773
441.5168166736364
620.1297545207
129.3677236719312
466.9306977509528
239.78953329502724
554.8577401616919
349.03805972238575
207.17077556471264
100.9713093712473
394.4581273091442
1037.8388398360275
348.11147164186315
470.1663320683521
1254.607035383377
2104.4914220742503
3086.7398054115333
129.04615866920793
743.9645071715223
324.48050057831875
155.84826546245642
513.2249933182305
1969.4758476305178
703.1325195552655
958.7900362232059
331.2050214857428
367.483477593995
224.53962672729315
144.02163281369192
181.7584086580582
1443.7869151253592
783.6152969073157
286.1289086745519
92.6193173002247
95.41940694362607
1285.6092411865332
468.81357936595583
879.2843902463478
246.99663550004146
738.7830791864467
251.69415728738736
599.3519095094362
295.5916759566993
4387.528178296865
1824.8245423663473
44.325832621125976
217.17625839156634
282.1685415398018
10.744303086472359
820.3173402016006
796.2421517486446
995.3296821561822
1447.165906500851
2681.8466416198216
23.57071909326535
109.7669827115541
659.5583059711395
651.0956970815469
1488.9426869321762
342.989002761203
1539.7516811914659
246.39681086105276
643.7111998752309
319.30147674362786
229.18317792936946
476.57167243514016
689.736291041645
722.0270153462774
1912.7244876746151
179.31603371372262
494.42071190710504
645.281634909527
604.1232753434285
973.5439733566395
783.1573510020154
988.7900466398462
2741.8078615250247
555.2014715767407
207.20415318836277
588.8648290518677
2649.784124056498
273.45595789481854
277.1957458936553
577.7201276942232
1403.0107459708938
21.20742922743079
306.15124474827155
100.26163945601287
276.84434554868056
1021.5052415037346
342.92893113669027
867.1451957043012
1062.083233578556
505.2941724355042
878.8351865593808
630.8158964586365
1395.3211468071206
1359.4462118853853
132.3498913600567
1838.234069966102
369.6178720605325
506.27086222895787
1606.7105888578978
364.5588303206817
724.5537193856468
1462.5997985686504
2299.4729222087403
6009.85162144366
1787.3110681817204
648.9100393399948
250.38355840576637
1.5703272395663357
2046.4125550460972
871.2468559434427
711.7175098266489
869.9342746818123
762.4235335644645
23.902574097440635
3210.348069593872
181.21563019677765
717.3624942810953
1023.324452477535
764.8527218735142
580.8498412184358
1354.1558829225928
1357.776417615972
582.2533528718043
1042.582059103043
1796.7276072021114
613.4533561059869
828.4720689448191
1058.717511698217
95.70589534770525
405.69222500184094
499.0514896817103
334.8086887692551
554.823591364763
642.3412092155901
527.4582489285611
40.451251817766085
1884.678488845275
4133.46631062636
1165.1726923170386
1675.0761493915918
697.3502456880996
157.70793957331236
1668.0705611313779
982.0005471651372
299.3797176609509
863.4155600198961
969.5932187649497
1888.7773281844288
309.0405640483101
2125.419161574206
3344.840858188204
290.9853645628716
980.1846223906449
434.01209585977756
25.332901109421943
314.97565861348795
831.2120746094821
1373.441450696001
1082.3248282056654
1235.9174404734813
521.4230239389179
857.030360016029
82.34719923647427
2320.714181941127
1.9034508379826551
129.1530428082294
55.76147766577032
245.5968812569201
359.78659262151353
455.7306323591909
478.6922066260748
583.3677641260047
58.44664982162885
221.77911318399615
524.9965620031384
434.71825990223675
7261.240260894947
744.78866762815
1294.164020736696
1299.8503450974283
778.2747363620036
259.1686532557572
577.2460104184642
934.7032763740668
762.9075099302947
687.1902968148335
225.85414388855153
175.53421059661667
1535.6166958455474
1923.9690288641634
984.5004814393798
307.5728489833448
493.18587974900083
252.0388582167905
95.59312008086722
548.8154020145981
511.97565793128024
2052.449170301276
242.7441435937226
1836.0310162465846
89.54533898403554
605.3085243809891
599.0616011164111
484.3663548699452
248.42858276929255
441.6688322681515
290.1991484818262
888.3745664141682
776.4819524296389
1444.3374808586252
1065.4792879069573
497.1987448941205
128.2722256969711
306.3368445657835
762.0343372347339
639.3268201388245
609.5075364413223
881.170459849497
1888.9302991020704
180.17016835164293
734.1359849200355
899.2396037435653
840.8941301240723
701.1340516675224
345.22129273927044
837.3892109904052
34.10365701224885
139.06926785258312
675.1012243954115
628.6571125287411
873.2743176630681
375.58091176572253
1983.7272851763848
680.8778249710788
818.6336148425288
770.2378950704319
16.892711287771462
559.2991281090893
1050.4954858412862
975.4017486621184
1872.0540710453042
2507.440970665988
2427.456634904065
43.48450723353361
1048.3376879586554
322.7239808530201
1607.3040337291961
2282.262743340419
850.9927135938005
2177.2277440210773
827.1766396777765
623.1669592849668
664.8007152198386
1759.528432935124
7208.958663608332
1013.5401187512635
1236.8053992116688
164.03081646276857
153.09009596589283
183.95755065721173
1983.1992104936403
331.2373918017428
55.88067016178238
368.55659585618486
2398.0155474132716
813.758236722354
1042.9874772731785
675.8200881395677
14.141692915071236
1515.6561909054858
82.23088657369905
243.78513752178858
533.1158377469487
1128.4834986127917
329.7271771555892
1681.965318369422
140.33645122818575
441.45504471616937
904.9999083571679
344.0281475557485
679.6692537588885
803.2734542161621
163.0219815086117
338.32744393622306
1350.628093619389
592.7009354038101
334.9821424081215
698.6607013769742
250.5571004047557
842.9248945346895
1533.8169819459226
863.3426533984195
335.4105526749351
5779.846574511938
1261.8658940355097
153.29344648217412
981.6622678991888
11.174744511385404
954.9659419808705
1417.9888079672696
787.6218031304087
69.05113419461506
952.9689129287951
611.1122926977316
1997.4017571043028
1589.9808634876235
681.9664685520567
48.89376621728461
762.6959817177767
1309.3785797272892
1043.731677531898
478.7359198743216
808.3586370153309
1855.1064238813606
2437.627919226636
456.268078596836
1474.689439238247
1437.499673199176
615.1194765549402
1134.4539285864153
686.8346740065872
1314.388677973525
1134.6528220213995
2068.1704203837244
552.1143545493813
1161.1194144245794
652.0462171376752
521.570785337246
1164.9571896367293
1398.662663939878
251.3631635480314
440.3446064201724
1370.7461232686214
330.1927705794801
873.7223815697631
534.9620833787122
1431.4804967463479
950.755423023472
1400.6008825654926
681.4313436689044
401.9386131616217
1275.8074572147566
315.31558650302435
189.3911444821361
591.7017103353992
340.0970618295417
2568.0064019165397
222.6290644338933
1932.0615846351652
759.0996959615367
1210.4010057045957
1183.1629828685257
1035.703061197809
480.4235338494464
2427.4403723657406
115.69216770025409
404.6600047038681
302.26838483968635
672.0222624034692
1872.5620295602967
2944.9553696061957
273.58072188580735
1012.860643558918
385.1997224222577
1209.2362992345254
664.3842975209024
367.7563892931995
1869.784230271668
1156.0
702.8454415342928
1155.7019404786029
1210.5159113542945
1146.1299405162524
59.22345244008871
384.9889949548071
488.92485100635264
2.9918397861274775
823.0451627924361
137.08227450467143
1294.6454515918417
682.4879167202603
5452.210123519942
5332.6812800417365
2905.152371889387
2466.1065678654345
639.4652283451492
447.70812203910685
1087.6869950181174
724.6384515846457
2064.9472679208156
2515.9696205242476
645.5041106735209
158.31317794893158
1983.8473995697636
1313.4983710685683
1248.875640478496
579.243883806177
3778.4123578618487
374.70646128445384
2271.7074172729845
1579.8086265462607
182.13714938823946
528.6506144229759
601.431958110035
2112.5477435607836
916.2971062116275
266.47936306604055
1487.1708794895746
417.39275720544043
718.9608143590264
142.6163367124941
558.7463066605736
690.1279315925985
1378.9976102157918
213.1320122799292
688.6248148645054
1549.67633114951
1026.0360049064138
1715.9841221594193
252.62412655900937
571.135207526587
370.9758674057403
828.742396107576
2164.000796053338
1285.158067400075
522.8778646525128
225.12297452159365
89.85228094998044
644.6100459315957
934.6940353699507
837.9430404873943
571.4135849390937
698.7898003571477
319.60066998106805
1140.7159367997988
418.6806422917531
210.18044342870934
1522.9965272907073
1146.842005797019
860.0951349506471
575.3912450565593
496.8033212599999
1007.0669998259809
668.7176252620991
2409.0121419644825
1255.6285084725696
644.475624875059
742.8786739993848
355.1089357752947
219.14905429687465
616.9693555042905
1550.7871000018624
522.0197030301526
1533.3761211757953
355.87854179628437
1099.3410450368297
1343.2550608447157
789.3736560701698
382.70425226824335
939.6194422642103
762.1669668022677
1289.5727997439365
4186.988604134403
1500.5074986487894
467.34243781027993
1212.9007453113882
286.75097833107884
7504.2767861897755
3044.5532308211
830.3436599015645
1591.9076336293667
824.698193258449
1756.1449353606406
671.6798317169627
678.1976447919216
2075.1598323466583
1020.1591540702898
615.7079439869359
1217.6436497015218
774.5978553480858
199.5912207609952
2253.4431328143887
671.5309117063242
645.08028298356
3620.4118129546873
265.33599460464404
350.35747931781356
724.0039630028195
5934.473925425613
2562.7108740356402
1131.2792183012007
1580.9427715512236
1591.0715391673464
738.0776854758119
1397.0061141121294
173.88660193947126
2023.5734374883207
2053.824182055712
550.9974939795422
771.5936377348769
771.6143425959849
448.1224429375571
2186.865908517412
2563.7600186751492
2908.6186231525057
750.7292710967706
1824.1822576738741
596.3740353313382
1140.8522165236927
432.2922288104655
743.7174521056446
62.35867162119968
2525.310604374029
1342.4839843436957
1004.0652688342817
931.4236066602105
185.3600746919732
1544.34558007136
413.3572575303382
741.4567333187023
964.3643861507405
1173.1704708882614
484.7840729452777
943.6647753220442
1294.1922077690251
1002.0178684011881
853.6396084151123
2921.849259128215
1170.810115113346
1085.8265785055685
1575.0550846409958
1609.4539611145435
113.07119996650157
1758.2945519007005
953.4433288297266
819.1093331307823
2452.1946357672196
1060.2424221740257
1128.8204445906715
60.72428869547389
1988.9527965955094
2596.7239084683424
976.090270947159
1806.5718460911064
556.4518516684232
3307.091186041955
1112.929303002796
1709.919320831897
2696.9359988444094
1040.7508154659224
583.0410169187422
2642.9795134469473
2327.918927720784
1462.1990843534843
1347.4993502670816
1748.0172692942772
2660.0353270704145
856.5081699753846
266.26560390877745
1076.5312852744973
282.9244584162621
1469.0698594402252
778.3133456137297
314.3480144827309
1667.1759008355616
558.9817267754075
261.03971526322005
1268.6735035788977
217.23173162659117
1313.767381527936
580.6958388561437
451.21343147686076
2545.3584579711787
1376.5231617337352
1452.7883971576534
242.94173588659737
1699.1142394926028
1575.6361679336737
1144.7274672635158
1048.687628950705
1740.5209607227296
791.5436920500238
1489.1629909645017
1063.3410263038982
737.0552731509943
603.571043809647
844.2645604234419
1229.4511520239544
2645.056545909166
1672.478798091581
957.5107575817597
3609.517452472355
2112.9227327954422
534.4706147287418
369.91896487842513
1904.6206020754996
727.7284823994771
1976.193559934226
2881.7974265472862
891.9013933193567
1766.026785444552
800.954111826636
576.8020980677602
1414.7480061664985
1111.5587894032062
481.8315777669307
2506.5407709116
786.7060267411387
863.6262766747344
2488.935659399279
2387.7543719554506
234.1890520480481
491.2707706499129
3350.7868861929146
2827.352071044837
813.8776338501985
341.4490761054077
1745.0653330716054
600.155306494691
1898.8303396429421
1104.3432504611694
1515.2374650918198
682.8466758380616
2823.4665549048273
1443.6157331101674
246.4715929679294
265.96815335244844
1635.2052238363938
2744.337172011291
1590.5615757860176
3407.359901605021
1688.683945375878
952.1333135014182
3018.1047580440545
1224.6472826134464
1474.132275131196
1383.2451742083394
1012.1866623621636
2087.9210983145704
588.8072947271057
1676.911472247245
458.3360075363507
1362.1523992612508
501.501696051901
3580.7583356661794
769.6318190669365
1028.4821562971783
2726.585021586476
1285.3061745928437
1112.450602991255
1520.4191375650814
1238.3837352441947
3911.0131886952004
1895.75407464586
1364.9897969112635
1100.118460958036
959.3747912486087
2221.7181439433903
1345.963499536007
1602.9538353341884
2111.1121084098304
1319.2652991765465
2874.094866189557
2843.415734488989
894.8783872005365
927.9512461226584
608.6021580909763
459.9914862598195
2458.19235027589
2352.22993296746
1678.9556271033855
679.5177227911804
2367.3415172275395
1738.644040227176
2140.3645630004207
1017.8774345898718
1102.7736195746693
1388.6966391885323
1956.0833454798822
3052.3129096034104
1582.2108057908904
357.733316496346
2461.8506063965665
585.7184284331231
1554.740246641004
1928.0799395053714
774.6296738389067
1715.770630325477
1802.4990645137104
2163.5753379607186
1353.1658720045466
2507.571925284037
355.1872288278797
636.5199150791948
1343.1293558219193
1137.2350745726706
1146.3273860021825
1014.2801283319876
526.7645731875158
660.3637961255753
2116.5821803881745
1190.0392404608901
3591.7720291098685
2155.0762611879504
1807.8986067926476
938.7170248971568
2100.065732121547
1080.7144744600002
2829.7082048590996
1599.9332727518217
1478.6807364148872
805.7138721251848
1940.2163992237479
2816.790624586831
3022.028249517244
2609.5024268017332
3100.9158975241326
4102.834129823565
1127.2519492962122
3168.313787875564
403.90454378187235
203.79842090183857
1975.5836791947665
1031.1295206804796
2811.315071873304
2751.219089871752
383.30015280579437
2214.5128444228894
871.0132414829201
937.3921576549336
1372.321970376791
4414.018362786787
1952.0888725464513
874.5388689228298
1953.6743996715925
851.2787616228285
2201.6833342316895
966.5444147747814
1814.0729007987322
2467.240880224992
2591.4774904870533
814.1125457128416
1561.211746050865
2242.7217347401993
787.1728356304416
4220.3785298955345
2084.051921483481
1752.8607832182117
7324.478570903876
8833.14860717426
1783.1673157699192
1150.6141530248242
1933.5024047789313
607.920703548809
1504.63319746146
1413.3243591233975
4116.014285681576
1131.7370498901967
2468.6872999954867
3681.0578013055692
1510.2873557856083
1244.5765058187583
974.9812986865743
987.5428486837637
2846.3666792081463
1182.9873539377334
2917.446633336415
2191.229524342751
1888.8449778512854
4359.6845259977
4964.2900949879795
1482.7338486898002
2779.5250907149093
2384.6217268521527
3214.6229555671316
3543.730846636888
1354.2595279663403
1590.565896430068
1945.514076724332
2361.352286356847
3419.662727528474
2425.220341063064
1714.4060382097937
1762.0217224458556
1810.5387451621382
1998.2174256395047
1559.2793840578324
2604.0027837551215
3892.6016371712744
1449.7162261674298
2263.8155372073866
1783.8115243451518
1657.213051459922
1640.8985384706498
3647.8532007989006
2804.705302027915
2634.1886415164927
1925.7838327903878
1600.1233249623128
2009.6663611552453
3720.224184257109
957.688295794291
323.86212478368765
787.812104380719
3050.2733893890877
2216.252601843388
1324.1293605200458
750.7630200021613
1184.35578890581
4379.925635493746
2331.7383791751326
1401.9635552591747
2591.1969090805105
4128.720678255997
1867.8324237365227
1901.1067302160686
1903.9293325588922
1971.969539270669
1259.185561121075
2532.471709561303
3447.3242641491183
1573.8022831308963
462.17219625001627
2345.228354331095
1838.1323951792504
998.1861313972269
1353.1626165330065
2128.574564216291
1196.9979002030434
144.7296833164103
4025.3896599275695
27130.117059004024
5698.373627117244
3225.469413764245
4813.179500468173
3451.844354402804
3149.369361154485
4876.921028632823
3400.57637530379
3058.671045583654
3952.193566754035
4405.5134319814815
1387.1302753070772
4015.786769363354
2346.7324687717232
1430.054357993015
3842.7522403223848
4107.363533299092
2482.959310089974
3475.8833146612037
2188.2227421823877
3466.861992684456
1503.3791090876462
2681.3707300440046
1983.056245554609
2184.6462367157624
2477.3790477150424
2522.0172596941193
2236.0392716701517
1907.3277525972169
3107.9642336908396
1468.3815692443866
3515.3888840583736
1706.5452573469504
2870.900570459758
834.4682031662926
5735.515065090033
2142.2147831498573
1649.646472865713
1667.9701355609188
2753.775137206629
1765.2222524511228
2002.9297971530575
4453.9868532641385
1951.1636919531888
2297.749117709845
4201.9808799746015
2091.687992747554
2875.167075496763
3213.787521899352
1190.9806640162435
5417.960909939401
4479.767530441128
5284.762228689294
6240.879464424225
1051.3611693867065
3262.8608643287544
3638.5885340332134
4414.0336504444485
965.0710926991137
753.0856949960358
4243.190590783931
2498.094101901499
3493.8726035642558
3674.612078707874
3443.790435591551
3897.7532970592006
4785.370398867221
1145.9053445716675
2456.392129193959
2351.825086851093
1874.3137642516438
3377.559222471694
3485.4894028734934
2712.293733579245
1495.341010598645
3197.853690288814
2340.5425163079135
375.49126919267803
1999.5300845745976
1928.0084932657312
2357.4806355412575
1340.914371747345
1826.8190348015728
1010.7422695439612
1624.8205994181212
9906.9372988777
2831.940196407226
10222.179130103752
4883.299485916319
6655.083583704796
5552.997149714236
3014.3490695462574
2816.141909241546
2175.3245117685074
2050.200478640464
5014.736093207435
6576.211087513736
2396.9810519829725
3480.2309018235665
4420.134918148486
5926.491609136245
6546.344092550513
4568.495852267302
4647.7102170580865
4535.277657569705
3730.3236099274927
2803.3254185268347
2945.9095233034254
3401.6975672068857
2965.2515364872356
8134.029933431428
6016.004909729018
4928.965534729053
2501.9576163079196
2427.1634937518666
2841.9771004967233
6118.310900905074
4316.067469433089
4511.697529746225
3157.7833222103695
2487.3207352394334
4047.6358277190584
2748.2038462833207
4367.297144855795
5547.874518632517
4702.808459135233
4415.886061976312
5234.630475342857
551.8197052144029
3584.9590920419123
6339.630105515784
5655.450784832312
4440.341957317316
4389.164917438706
3519.427811129894
3243.889712016864
2060.9359138133213
3019.7986911545177
5690.330181222011
7836.430705686646
6575.087468315749
3660.0873368752614
3761.7316874440353
7926.9834339466015
8127.636311956223
6220.924447889032
4524.410443685036
8369.330412450092
7873.121542554901
5573.455034674478
5621.070001310781
4395.086873760155
4156.620264268911
3317.9439749849594
4332.989380122347
4847.231196224364
7379.727896137925
4995.651009019733
7758.572898186998
5604.9209781450245
5223.1924578916
5478.283166064853
4406.211805313869
5475.419852345416
7482.26090400088
4851.877259840897
5954.432993730154
5213.82360126605
4197.7305240851
2954.1413416177047
11632.333863012369
3160.9509523105107
2950.1026418974884
4538.159255433617
4157.024287727453
13296.552642053186
4791.121165586822
6397.067532154719
7273.102318777795
6651.552005876663
9036.654291915787
6998.955827568948
6045.283836079341
6078.873171486883
3885.028461295145
6521.364495498193
4760.845521734257
5365.338844671537
4130.795210130234
7088.077536298318
6999.497516142998
3690.2970381316136
12304.542008791437
7750.573563566018
11381.46628059864
5608.554479284747
3958.936225654782
7644.55016571328
6812.88403406602
7842.887723583207
7208.994038109433
5097.023959223122
5785.046396046525
13541.906753676732
32103.2059679053
13552.951294397206
11109.759085384136
10828.373876760426
9502.29661174139
9298.615122584795
7106.718709366714
10898.393023917191
8238.702476442873
13269.72457114696
6131.030014464545
7296.34355387964
8211.705546855355
8528.709812333926
6646.405826446589
11194.998532816444
12813.15712691988
10746.823459130068
11952.57371532717
8064.487387938489
45678.52074907206
2915.4964866152677
5986.425250483475
8313.517538133665
7119.824888077715
6302.428083378674
6720.384859335061
10060.010002050978
4195.933398608024
9718.086483664074
12814.695303220617
7931.076162324022
12340.202618515252
11733.63299842159
11800.491962114125
11673.664548435117
10949.42986427185
11547.211323693873
16968.65589781125
5972.3518773255355
9066.353852284776
10332.144139711134
4775.615203191128
7081.892630342983
12894.11448535101
7875.394490696028
7117.019024131244
7738.505677169514
10947.747993803823
7353.970037333949
12121.313052620742
12359.69090424278
7460.000214397643
14982.318432898363
10949.100423739827
9284.599371269833
12832.634508084837
13080.763277078178
16334.575337675815
11381.559825870478
14608.825416504664
7986.883108726013
14144.101676559092
13788.204438689661
21067.044168816075
11388.422299318987
12667.957124558252
12860.254698120216
14409.548048818728
15414.21261193936
18606.409828504842
13277.666037120776
13115.025845723829
13933.09257814442
19811.490968751543
12669.553166760925
19157.4548947055
14385.778634072172
20091.271161984707
20211.59063424719
21303.738958332535
14849.58608232126
15206.130609738058
21061.481314862434
13483.253014179189
16956.65048558534
20208.367640117704
13824.762750910075
19702.39852380445
19229.42481404673
15991.985890323398
26430.18521533565
25496.729215779527
20670.92065309524
17615.327375798795
23300.59807412912
26088.91990075008
16617.564682697815
24332.191042867456
21684.919995082953
23786.01144735896
28174.954272260547
22814.99900809112
37003.77901245881
16295.471190676873
18789.384143264604
34787.49863756834
22051.74018155498
26659.500713089154
23327.933287610107
24431.45557606087
26434.365529638944
27634.12028331357
24794.754397757708
25077.589788142417
25510.166824692275
31825.358494593987
24247.796532609802
31664.747607317357
29487.428642715546
20502.36923065169
32009.182389101657
24378.75981786117
33267.00950234557
32177.22380205555
32174.863075641126
31189.73961225379
30543.752255522504
34452.661814176565
32224.118365074293
40525.20641664269
34282.300004187615
41630.47815896009
41021.70998320192
26059.27696173884
40699.17975486985
31209.104954444803
36735.893873088535
32343.514884345004
28623.907566161026
33589.340674909574
31829.061495104008
18266.52449490739
79925.71927719927
62430.70878023385
53276.327709971214
56020.30386960142
59155.9873012971
57599.03419630727
46498.51895031621
53880.718373187025
54400.70701289499
51629.51633937882
58947.60048902843
71648.4565145832
63637.80606793168
57366.73558720168
55418.49940565809
72131.70385443266
74215.12779600853
65590.87123669496
77087.4039465106
66069.50610648045
72616.49031542883
69709.46477627856
82471.25956469517
70147.331321998
78765.85609841897
119036.53381894015
63908.420852193514
69804.27348778617
88647.67043772322
94445.2452869213
84364.4700818623
94318.65560372679
93948.36682592427
106643.78697002062
100236.17511846306
86253.82996300336
100429.17478943648
92692.14941807029
113161.39127936892
132992.24047138923
127940.84914003636
128374.9002789596
123263.34575165904
123041.85873410106
134024.3251949427
142743.21265453202
129720.12522933712
141898.39897013232
191929.55784804435
157027.502459498
185295.75972684452
194351.41176753727
175193.14155153057
189008.65036695814
193417.1514967935
199943.6709557531
214419.82116781588
224505.40394414327
240260.8524921575
246875.14185506443
263403.5359606076
282665.1066082996
284203.30210728064
277004.41887161776
345233.62872661074
292812.91821622214
333692.60327146197
360222.8710874316
381219.61544744
418059.0612496288
466088.6118192425
448507.780322097
498584.227092955
509430.5357109583
553796.8617884003
548249.4656272897
624187.9609079094
644351.7188554258
730131.2708487632
815288.0315390498
789859.5921232031
1011688.3031651467
1010148.8471347304
1139476.7868239128
1223040.8175912804
1345382.2436588937
1553304.7563539208
1756957.7657928516
1938589.4668756058
2268340.5693781357
2545117.2760125706
3133386.870382516
3694252.695127477
4477433.88493776
5614350.111820566
7253465.380532223
9733151.492724562
1.3789151919713138E7
2.1876113192358017E7
3.964425889210092E7
9.774256641446042E7
5.480572416976496E8
3.1180760891229067E9
1.532468298796657E8
4.671934489816772E7
2.1858793634588227E7
1.2081332214253645E7
7648547.7017211355
5201874.702182449
3601634.766432634
2597652.188382969
1953038.3713987137
1482957.5602564423
1158433.5250646942
884374.4778786291
713814.326335766
564844.7865364832
479277.5887942543
371751.46572585305
324468.6221722935
305611.29312073335
289672.7134107199
282162.5723757134
321037.24312311155
353155.0878408705
367710.2046405238
498636.20637991396
575072.3866718665
710632.5926639455
915031.2331311187
1215801.0799252025
1526024.9551542355
2042006.5514251515
2674868.576885278
3564990.909271079
4894232.223783816
6971608.091930077
1.0406335054587899E7
1.6571855643144038E7
2.9014911653616253E7
6.034189033226258E7
1.7931944436791947E8
1.781293392787956E9
1.6266884424009774E9
1.9816579749820533E8
7.546310950104156E7
4.0527806307897665E7
2.5515293292932246E7
1.7824138170795366E7
1.3291354073385464E7
1.0360957355897333E7
8343525.268471538
6984012.943636726
5825473.624932774
5091863.56967604
4776651.858470797
3712431.294440987
3492049.66238341
3185312.9972535064
2873707.402448788
2562928.6659197384
2401116.0433043623
2281183.3848033138
2111076.2085486846
1972415.92474336
1886943.8961666038
1635820.6040609698
1570115.7869291604
1564445.3110310757
1430664.06884493
1363712.6661501518
1359212.4106807953
1271791.0999139042
1265162.5363204288
1193260.2533234558
1126633.4724638746
1043433.1361561383
1133661.5795180427
1003969.8903155412
1024081.7202271145
972467.1001366891
956522.181134242
899285.7695884422
873548.3957373612
873482.1137699039
847654.1647587513
857702.1151236966
829536.8179220136
750531.9637826304
789155.3726038595
765054.1855133974
761521.5151299661
702997.6827603433
704320.191144606
657146.1907844234
725247.530983862
712403.4633896115
729038.6224157338
639360.5406277493
666185.4061727371
665213.5414876846
666836.323359985
626342.9077260661
664004.990123512
604057.524498503
656326.51872552
616455.5483379496
584006.258986212
700726.7098930696
647885.0290930469
668106.0293552849
622872.9986266166
650309.7943660691
653067.3551951621
